[1] "Overlap between for_overlap_scores_11 and GSE63525_GM12878_primary+replicate_Arrowhead_domainlist"
TopDomOverlapScores, list:
Chromosomes: [n = 23] ‘chr1’, ‘chr10’, ‘chr11’, ‘chr12’, ‘chr13’, ‘chr14’, ‘chr15’, ‘chr16’, ‘chr17’, ‘chr18’, ‘chr19’, ‘chr2’, ‘chr20’, ‘chr21’, ‘chr22’, ‘chr3’, ‘chr4’, ‘chr5’, ‘chr6’, ‘chr7’, ‘chr8’, ‘chr9’, ‘chrX’
Summary of reference domain lengths:
              Min. 1st Qu. Median     Mean 3rd Qu.    Max. count
chr1         65000  110000 170000 240281.2  305000 1535000   889
chr10        65000  115000 177500 248479.7  315000 1855000   444
chr11        65000  115000 170000 243016.0  322500 1520000   499
chr12        65000  115000 185000 250220.0  326250 2025000   500
chr13        65000  125000 225000 307134.4  395000 2280000   253
chr14        65000  117500 175000 240401.3  317500 1125000   299
chr15        65000  115000 175000 253300.7  325000 1455000   306
chr16        65000  115000 175000 257306.3  320000 1910000   271
chr17        65000  110000 170000 227652.1  275000 2000000   411
chr18        65000  115000 210000 285698.7  345000 2010000   229
chr19        65000   95000 140000 206719.2  245000 1545000   317
chr2         65000  115000 190000 269809.8  335000 2130000   736
chr20        65000  120000 185000 259317.3  305000 1920000   249
chr21        65000  105000 185000 246302.1  293750 2025000    96
chr22        65000  115000 165000 248418.1  315000 1060000   177
chr3         65000  115000 190000 263021.2  355000 2345000   614
chr4         65000  125000 215000 279013.5  365000 1650000   446
chr5         65000  115000 190000 266491.1  355000 2690000   503
chr6         65000  115000 195000 266987.5  345000 1515000   561
chr7         70000  115000 192500 279410.5  345000 1990000   458
chr8         65000  115000 190000 262163.5  345000 2220000   416
chr9         65000  115000 185000 263395.7  335000 1885000   374
chrX         65000  131250 217500 298938.1  370000 2455000   226
whole genome 65000  115000 185000 258279.1  330000 2690000  9274
Summary of best scores:
             Min.   1st Qu.    Median      Mean   3rd Qu.      Max. count
chr1            0 0.1812500 0.4583333 0.4572172 0.7375000 1.0000000   889
chr10           0 0.2133523 0.4833333 0.4733348 0.7273893 1.0000000   444
chr11           0 0.1679078 0.4350000 0.4436816 0.7013889 1.0000000   499
chr12           0 0.1987500 0.4609375 0.4583970 0.7096591 1.0000000   500
chr13           0 0.0000000 0.3875000 0.4009427 0.6958333 1.0000000   253
chr14           0 0.0000000 0.3666667 0.4046923 0.6977273 1.0000000   299
chr15           0 0.0000000 0.3437500 0.3624474 0.6411058 1.0000000   306
chr16           0 0.0812500 0.3523810 0.3880816 0.6671429 1.0000000   271
chr17           0 0.1738636 0.4700000 0.4635411 0.7529412 1.0000000   411
chr18           0 0.2000000 0.4272727 0.4536211 0.7119048 1.0000000   229
chr19           0 0.2090909 0.4416667 0.4445365 0.6714286 1.0000000   317
chr2            0 0.1875000 0.4348485 0.4574485 0.7395109 1.0000000   736
chr20           0 0.2250000 0.4166667 0.4563057 0.7045455 1.0000000   249
chr21           0 0.1210784 0.4055556 0.4543431 0.7723214 0.9815068    96
chr22           0 0.2875000 0.5750000 0.5534826 0.8285714 1.0000000   177
chr3            0 0.1878472 0.4448750 0.4639820 0.7360795 1.0000000   614
chr4            0 0.1888462 0.4333333 0.4459611 0.6893750 1.0000000   446
chr5            0 0.2123798 0.4714286 0.4836458 0.7632035 1.0000000   503
chr6            0 0.2181818 0.4833333 0.4867675 0.7785714 1.0000000   561
chr7            0 0.2152273 0.4895833 0.4796205 0.7476751 1.0000000   458
chr8            0 0.1744318 0.4142857 0.4464712 0.7184751 1.0000000   416
chr9            0 0.0000000 0.2125000 0.3232757 0.6243056 1.0000000   374
chrX            0 0.2074306 0.4495588 0.4511787 0.6833333 1.0000000   226
whole genome    0 0.1684375 0.4414216 0.4487109 0.7200000 1.0000000  9274
[1] "Overlap between GSE63525_GM12878_primary+replicate_Arrowhead_domainlist and for_overlap_scores_11"
TopDomOverlapScores, list:
Chromosomes: [n = 23] ‘chr10’, ‘chr11’, ‘chr12’, ‘chr13’, ‘chr14’, ‘chr15’, ‘chr16’, ‘chr17’, ‘chr18’, ‘chr19’, ‘chr1’, ‘chr20’, ‘chr21’, ‘chr22’, ‘chr2’, ‘chr3’, ‘chr4’, ‘chr5’, ‘chr6’, ‘chr7’, ‘chr8’, ‘chr9’, ‘chrX’
Summary of reference domain lengths:
              Min. 1st Qu.  Median      Mean 3rd Qu.    Max. NA's count
chr10        3e+05  600000  900000 1043859.6 1200000 3300000    9   123
chr11        3e+05  600000  800000 1007758.6 1200000 4700000    9   125
chr12        2e+05  600000  800000  914615.4 1075000 5800000    7   137
chr13        2e+05  700000  900000 1055294.1 1300000 4400000    3    88
chr14        2e+05  600000  800000 1067105.3 1100000 6200000    5    81
chr15        3e+05  600000  800000  982894.7 1200000 4700000    7    83
chr16        3e+05  700000  900000 1086363.6 1075000 4200000    2    68
chr17        2e+05  600000  800000  881481.5 1100000 3400000    6    87
chr18        3e+05  700000  900000 1149180.3 1600000 4300000    2    63
chr19        2e+05  600000  700000  992452.8 1200000 4400000    4    57
chr1         3e+05  600000  900000 1054314.7 1300000 4200000   12   209
chr20        3e+05  600000  750000  968965.5 1275000 2800000    3    61
chr21        4e+05  700000  800000 1203703.7 1350000 7300000    3    30
chr22        3e+05  600000  800000  916216.2 1100000 2400000    6    43
chr2         3e+05  700000  900000 1134555.0 1400000 4400000    5   196
chr3         3e+05  600000  900000 1038823.5 1300000 2900000    9   179
chr4         3e+05  700000  900000 1056250.0 1200000 7200000    6   166
chr5         2e+05  700000  900000 1092465.8 1300000 6700000    5   151
chr6         3e+05  600000  900000 1068750.0 1200000 4400000    4   148
chr7         2e+05  600000  800000  961805.6 1100000 3300000    7   151
chr8         2e+05  700000 1000000 1101694.9 1300000 4000000    3   121
chr9         2e+05  675000  800000 1072000.0 1300000 5200000    5   105
chrX         2e+05  700000 1000000 1146153.8 1300000 5400000    9   126
whole genome 2e+05  600000  900000 1046574.8 1200000 7300000  131  2598
Summary of best scores:
             Min.    1st Qu.    Median      Mean 3rd Qu. Max. NA's count
chr10           0 0.83419453 1.0000000 0.8246498       1    1    9   123
chr11           0 0.90820969 1.0000000 0.8258871       1    1    9   125
chr12           0 0.94684621 1.0000000 0.8258130       1    1    7   137
chr13           0 0.00000000 0.6472303 0.5062094       1    1    3    88
chr14           0 0.00000000 1.0000000 0.5853249       1    1    5    81
chr15           0 0.01685393 1.0000000 0.6799744       1    1    7    83
chr16           0 0.63452589 1.0000000 0.7548730       1    1    2    68
chr17           0 1.00000000 1.0000000 0.8864700       1    1    6    87
chr18           0 0.54545455 1.0000000 0.7472573       1    1    2    63
chr19           0 1.00000000 1.0000000 0.9136002       1    1    4    57
chr1            0 0.50000000 1.0000000 0.7448876       1    1   12   209
chr20           0 0.96322464 1.0000000 0.8741815       1    1    3    61
chr21           0 0.93513770 1.0000000 0.8642719       1    1    3    30
chr22           0 1.00000000 1.0000000 0.9454545       1    1    6    43
chr2            0 0.57333333 1.0000000 0.7531677       1    1    5   196
chr3            0 0.73093083 1.0000000 0.7807332       1    1    9   179
chr4            0 0.47035946 1.0000000 0.7329812       1    1    6   166
chr5            0 0.66964286 1.0000000 0.7612946       1    1    5   151
chr6            0 0.84098432 1.0000000 0.7982277       1    1    4   148
chr7            0 0.63615123 1.0000000 0.7946212       1    1    7   151
chr8            0 0.74468110 1.0000000 0.7725207       1    1    3   121
chr9            0 0.00000000 1.0000000 0.6120508       1    1    5   105
chrX            0 0.00000000 0.9318182 0.5999778       1    1    9   126
whole genome    0 0.58281535 1.0000000 0.7558520       1    1  131  2598
