[1] "Overlap between for_overlap_scores_11 and GSE63525_HMEC_Arrowhead_domainlist"
TopDomOverlapScores, list:
Chromosomes: [n = 23] ‘chr1’, ‘chr10’, ‘chr11’, ‘chr12’, ‘chr13’, ‘chr14’, ‘chr15’, ‘chr16’, ‘chr17’, ‘chr18’, ‘chr19’, ‘chr2’, ‘chr20’, ‘chr21’, ‘chr22’, ‘chr3’, ‘chr4’, ‘chr5’, ‘chr6’, ‘chr7’, ‘chr8’, ‘chr9’, ‘chrX’
Summary of reference domain lengths:
               Min. 1st Qu. Median     Mean 3rd Qu.    Max. count
chr1         130000  190000 240000 310609.1  307500 2530000   394
chr10        130000  175000 210000 309476.4  290000 1640000   191
chr11        130000  180000 230000 309511.1  290000 1800000   225
chr12        130000  190000 220000 322008.7  320000 2490000   229
chr13        130000  200000 250000 426960.8  442500 2280000   102
chr14        130000  180000 230000 304750.0  290000 1600000   120
chr15        130000  170000 220000 289591.8  290000 1410000   147
chr16        130000  180000 230000 344196.4  320000 1910000   112
chr17        130000  170000 210000 252243.6  270000 1240000   156
chr18        130000  190000 220000 319903.8  300000 2090000   104
chr19        140000  162500 210000 258292.7  267500 1530000    82
chr2         130000  180000 240000 332911.8  322500 2210000   340
chr20        130000  190000 240000 313964.0  285000 2020000   111
chr21        130000  187500 210000 259772.7  270000  860000    44
chr22        130000  170000 200000 275000.0  250000 2000000    58
chr3         130000  180000 230000 343469.4  320000 2090000   294
chr4         130000  190000 245000 375450.5  357500 1990000   222
chr5         130000  190000 240000 396008.6  360000 2150000   233
chr6         130000  190000 240000 304651.2  317500 1690000   258
chr7         130000  185000 230000 343412.3  310000 2420000   211
chr8         130000  190000 240000 323134.3  320000 1520000   201
chr9         150000  190000 240000 317613.6  280000 2510000   176
chrX         130000  190000 240000 430348.8  680000 1810000    86
whole genome 130000  180000 230000 327356.0  310000 2530000  4096
Summary of best scores:
             Min.    1st Qu.    Median      Mean   3rd Qu. Max. count
chr1            0 0.20000000 0.4500000 0.4559341 0.7130952    1   394
chr10           0 0.28452381 0.5000000 0.5119368 0.7820856    1   191
chr11           0 0.19166667 0.4333333 0.4363499 0.7000000    1   225
chr12           0 0.25000000 0.5333333 0.5165984 0.7666667    1   229
chr13           0 0.00000000 0.4232143 0.4018750 0.6734375    1   102
chr14           0 0.08125000 0.4199597 0.4403847 0.7460495    1   120
chr15           0 0.00000000 0.3000000 0.3552033 0.6333333    1   147
chr16           0 0.09722222 0.3585470 0.3876807 0.6791667    1   112
chr17           0 0.23833333 0.4500000 0.4767547 0.7625000    1   156
chr18           0 0.19519969 0.4472222 0.4761122 0.7401760    1   104
chr19           0 0.24957983 0.4816667 0.5132044 0.7625000    1    82
chr2            0 0.22033493 0.4527778 0.4760653 0.7428571    1   340
chr20           0 0.26500000 0.4285714 0.4866023 0.7281250    1   111
chr21           0 0.15580357 0.4112745 0.4369298 0.7392857    1    44
chr22           0 0.25885417 0.4916667 0.5213055 0.7916667    1    58
chr3            0 0.18687739 0.5154762 0.4964098 0.8000000    1   294
chr4            0 0.22425000 0.5071429 0.4948047 0.7428571    1   222
chr5            0 0.21666667 0.4833333 0.4730676 0.7285714    1   233
chr6            0 0.28630952 0.5107955 0.5064400 0.7659091    1   258
chr7            0 0.27142857 0.5500000 0.5202439 0.7696970    1   211
chr8            0 0.22500000 0.5000000 0.4962962 0.7636364    1   201
chr9            0 0.00000000 0.2531250 0.3319392 0.6152597    1   176
chrX            0 0.31180556 0.5376190 0.5334748 0.7947368    1    86
whole genome    0 0.20144231 0.4666667 0.4700153 0.7428571    1  4096
[1] "Overlap between GSE63525_HMEC_Arrowhead_domainlist and for_overlap_scores_11"
TopDomOverlapScores, list:
Chromosomes: [n = 23] ‘chr10’, ‘chr11’, ‘chr12’, ‘chr13’, ‘chr14’, ‘chr15’, ‘chr16’, ‘chr17’, ‘chr18’, ‘chr19’, ‘chr1’, ‘chr20’, ‘chr21’, ‘chr22’, ‘chr2’, ‘chr3’, ‘chr4’, ‘chr5’, ‘chr6’, ‘chr7’, ‘chr8’, ‘chr9’, ‘chrX’
Summary of reference domain lengths:
              Min. 1st Qu.  Median      Mean 3rd Qu.    Max. NA's count
chr10        3e+05  600000  900000 1043859.6 1200000 3300000    9   123
chr11        3e+05  600000  800000 1007758.6 1200000 4700000    9   125
chr12        2e+05  600000  800000  914615.4 1075000 5800000    7   137
chr13        2e+05  700000  900000 1055294.1 1300000 4400000    3    88
chr14        2e+05  600000  800000 1067105.3 1100000 6200000    5    81
chr15        3e+05  600000  800000  982894.7 1200000 4700000    7    83
chr16        3e+05  700000  900000 1086363.6 1075000 4200000    2    68
chr17        2e+05  600000  800000  881481.5 1100000 3400000    6    87
chr18        3e+05  700000  900000 1149180.3 1600000 4300000    2    63
chr19        2e+05  600000  700000  992452.8 1200000 4400000    4    57
chr1         3e+05  600000  900000 1054314.7 1300000 4200000   12   209
chr20        3e+05  600000  750000  968965.5 1275000 2800000    3    61
chr21        4e+05  700000  800000 1203703.7 1350000 7300000    3    30
chr22        3e+05  600000  800000  916216.2 1100000 2400000    6    43
chr2         3e+05  700000  900000 1134555.0 1400000 4400000    5   196
chr3         3e+05  600000  900000 1038823.5 1300000 2900000    9   179
chr4         3e+05  700000  900000 1056250.0 1200000 7200000    6   166
chr5         2e+05  700000  900000 1092465.8 1300000 6700000    5   151
chr6         3e+05  600000  900000 1068750.0 1200000 4400000    4   148
chr7         2e+05  600000  800000  961805.6 1100000 3300000    7   151
chr8         2e+05  700000 1000000 1101694.9 1300000 4000000    3   121
chr9         2e+05  675000  800000 1072000.0 1300000 5200000    5   105
chrX         2e+05  700000 1000000 1146153.8 1300000 5400000    9   126
whole genome 2e+05  600000  900000 1046574.8 1200000 7300000  131  2598
Summary of best scores:
             Min.    1st Qu.    Median      Mean 3rd Qu. Max. NA's count
chr10           0 0.27633747 1.0000000 0.7015788       1    1    9   123
chr11           0 0.42415799 1.0000000 0.7278756       1    1    9   125
chr12           0 0.53063725 1.0000000 0.7486097       1    1    7   137
chr13           0 0.00000000 0.0000000 0.3833100       1    1    3    88
chr14           0 0.00000000 0.5908505 0.5122180       1    1    5    81
chr15           0 0.00000000 0.9469595 0.6179846       1    1    7    83
chr16           0 0.21527778 0.9666667 0.6763892       1    1    2    68
chr17           0 0.81250000 1.0000000 0.8141565       1    1    6    87
chr18           0 0.19047619 1.0000000 0.6577821       1    1    2    63
chr19           0 0.60869565 1.0000000 0.7541340       1    1    4    57
chr1            0 0.19230769 1.0000000 0.6874365       1    1   12   209
chr20           0 0.70718954 1.0000000 0.7672410       1    1    3    61
chr21           0 0.81739812 1.0000000 0.7726692       1    1    3    30
chr22           0 0.80645161 1.0000000 0.7631177       1    1    6    43
chr2            0 0.09440706 1.0000000 0.6685284       1    1    5   196
chr3            0 0.26579670 1.0000000 0.7015466       1    1    9   179
chr4            0 0.00000000 0.8933081 0.6220071       1    1    6   166
chr5            0 0.07000000 1.0000000 0.6668741       1    1    5   151
chr6            0 0.27231183 1.0000000 0.7095104       1    1    4   148
chr7            0 0.06802663 1.0000000 0.6657255       1    1    7   151
chr8            0 0.36363636 1.0000000 0.6938994       1    1    3   121
chr9            0 0.00000000 0.8332237 0.5684757       1    1    5   105
chrX            0 0.00000000 0.2179487 0.4173073       1    1    9   126
whole genome    0 0.06666667 1.0000000 0.6604529       1    1  131  2598
