[1] "Overlap between for_overlap_scores_11 and GSE63525_HUVEC_Arrowhead_domainlist"
TopDomOverlapScores, list:
Chromosomes: [n = 23] ‘chr1’, ‘chr10’, ‘chr11’, ‘chr12’, ‘chr13’, ‘chr14’, ‘chr15’, ‘chr16’, ‘chr17’, ‘chr18’, ‘chr19’, ‘chr2’, ‘chr20’, ‘chr21’, ‘chr22’, ‘chr3’, ‘chr4’, ‘chr5’, ‘chr6’, ‘chr7’, ‘chr8’, ‘chr9’, ‘chrX’
Summary of reference domain lengths:
               Min. 1st Qu. Median     Mean 3rd Qu.    Max. count
chr1         130000  200000 260000 359974.6  380000 3280000   393
chr10        130000  200000 270000 492473.1  460000 5360000   186
chr11        130000  190000 260000 371227.3  382500 2680000   220
chr12        130000  210000 285000 469434.8  480000 6580000   230
chr13        140000  232500 290000 496842.1  637500 2650000   114
chr14        130000  190000 260000 358985.5  360000 2390000   138
chr15        140000  190000 260000 354489.8  410000 2410000   147
chr16        130000  210000 260000 414671.5  410000 3380000   137
chr17        130000  182500 250000 316176.5  337500 3550000   170
chr18        140000  220000 300000 440208.3  400000 2690000    96
chr19        140000  170000 230000 323361.3  325000 4740000   119
chr2         140000  210000 300000 472953.8  440000 3770000   325
chr20        130000  200000 250000 380400.0  400000 2700000   125
chr21        140000  210000 280000 348135.6  390000 1280000    59
chr22        130000  190000 230000 326575.3  330000 2560000    73
chr3         130000  200000 270000 430324.7  430000 3650000   308
chr4         130000  210000 290000 441238.1  437500 3490000   210
chr5         130000  200000 270000 408391.3  410000 2920000   230
chr6         130000  210000 280000 388427.4  390000 2320000   248
chr7         130000  200000 260000 451285.7  420000 5170000   210
chr8         130000  200000 280000 415204.1  390000 3170000   196
chr9         130000  210000 270000 378087.4  370000 3110000   183
chrX         140000  180000 225000 487857.1  712500 1770000    56
whole genome 130000  200000 270000 408833.0  410000 6580000  4173
Summary of best scores:
             Min.   1st Qu.    Median      Mean   3rd Qu. Max. count
chr1            0 0.2100000 0.4571429 0.4665955 0.7411765    1   393
chr10           0 0.2616667 0.4462121 0.4984968 0.7792208    1   186
chr11           0 0.2163462 0.4737557 0.4667070 0.7171875    1   220
chr12           0 0.2513889 0.5300000 0.5171603 0.7800000    1   230
chr13           0 0.0000000 0.4171429 0.4124241 0.7332500    1   114
chr14           0 0.0000000 0.3933962 0.4107446 0.6972222    1   138
chr15           0 0.0000000 0.3142857 0.3614257 0.6620192    1   147
chr16           0 0.0000000 0.2800000 0.3676498 0.6571429    1   137
chr17           0 0.2169643 0.4803571 0.4823377 0.7563636    1   170
chr18           0 0.2199524 0.4985769 0.4960574 0.7732955    1    96
chr19           0 0.2443627 0.4800000 0.4947213 0.7533333    1   119
chr2            0 0.2000000 0.4800000 0.4924534 0.7875000    1   325
chr20           0 0.3062500 0.4900000 0.5168948 0.7400000    1   125
chr21           0 0.1866071 0.4500000 0.4805322 0.8299107    1    59
chr22           0 0.2750000 0.5727273 0.5489617 0.8250000    1    73
chr3            0 0.1982143 0.5000000 0.4865358 0.7723214    1   308
chr4            0 0.2260417 0.5238235 0.5062826 0.7491667    1   210
chr5            0 0.2125000 0.4833333 0.4729295 0.7388095    1   230
chr6            0 0.2821429 0.5180077 0.5217659 0.7835938    1   248
chr7            0 0.2513889 0.5292857 0.5090124 0.7612455    1   210
chr8            0 0.2381404 0.5376344 0.5045741 0.7583333    1   196
chr9            0 0.0000000 0.2400000 0.3312958 0.6214286    1   183
chrX            0 0.3325000 0.5027778 0.5022677 0.6678571    1    56
whole genome    0 0.2000000 0.4725806 0.4733703 0.7500000    1  4173
[1] "Overlap between GSE63525_HUVEC_Arrowhead_domainlist and for_overlap_scores_11"
TopDomOverlapScores, list:
Chromosomes: [n = 23] ‘chr10’, ‘chr11’, ‘chr12’, ‘chr13’, ‘chr14’, ‘chr15’, ‘chr16’, ‘chr17’, ‘chr18’, ‘chr19’, ‘chr1’, ‘chr20’, ‘chr21’, ‘chr22’, ‘chr2’, ‘chr3’, ‘chr4’, ‘chr5’, ‘chr6’, ‘chr7’, ‘chr8’, ‘chr9’, ‘chrX’
Summary of reference domain lengths:
              Min. 1st Qu.  Median      Mean 3rd Qu.    Max. NA's count
chr10        3e+05  600000  900000 1043859.6 1200000 3300000    9   123
chr11        3e+05  600000  800000 1007758.6 1200000 4700000    9   125
chr12        2e+05  600000  800000  914615.4 1075000 5800000    7   137
chr13        2e+05  700000  900000 1055294.1 1300000 4400000    3    88
chr14        2e+05  600000  800000 1067105.3 1100000 6200000    5    81
chr15        3e+05  600000  800000  982894.7 1200000 4700000    7    83
chr16        3e+05  700000  900000 1086363.6 1075000 4200000    2    68
chr17        2e+05  600000  800000  881481.5 1100000 3400000    6    87
chr18        3e+05  700000  900000 1149180.3 1600000 4300000    2    63
chr19        2e+05  600000  700000  992452.8 1200000 4400000    4    57
chr1         3e+05  600000  900000 1054314.7 1300000 4200000   12   209
chr20        3e+05  600000  750000  968965.5 1275000 2800000    3    61
chr21        4e+05  700000  800000 1203703.7 1350000 7300000    3    30
chr22        3e+05  600000  800000  916216.2 1100000 2400000    6    43
chr2         3e+05  700000  900000 1134555.0 1400000 4400000    5   196
chr3         3e+05  600000  900000 1038823.5 1300000 2900000    9   179
chr4         3e+05  700000  900000 1056250.0 1200000 7200000    6   166
chr5         2e+05  700000  900000 1092465.8 1300000 6700000    5   151
chr6         3e+05  600000  900000 1068750.0 1200000 4400000    4   148
chr7         2e+05  600000  800000  961805.6 1100000 3300000    7   151
chr8         2e+05  700000 1000000 1101694.9 1300000 4000000    3   121
chr9         2e+05  675000  800000 1072000.0 1300000 5200000    5   105
chrX         2e+05  700000 1000000 1146153.8 1300000 5400000    9   126
whole genome 2e+05  600000  900000 1046574.8 1200000 7300000  131  2598
Summary of best scores:
             Min.   1st Qu.    Median      Mean   3rd Qu. Max. NA's count
chr10           0 0.4836626 0.9529844 0.7283306 1.0000000    1    9   123
chr11           0 0.3842284 1.0000000 0.7070860 1.0000000    1    9   125
chr12           0 0.5483568 0.9965517 0.7604971 1.0000000    1    7   137
chr13           0 0.0000000 0.0000000 0.4017412 1.0000000    1    3    88
chr14           0 0.0000000 0.4935897 0.4793385 1.0000000    1    5    81
chr15           0 0.0000000 0.8459384 0.6196568 1.0000000    1    7    83
chr16           0 0.4252662 0.9566841 0.7109796 1.0000000    1    2    68
chr17           0 0.8085106 1.0000000 0.8230288 1.0000000    1    6    87
chr18           0 0.3076923 0.8235294 0.6483254 1.0000000    1    2    63
chr19           0 0.6623377 1.0000000 0.8105755 1.0000000    1    4    57
chr1            0 0.2352941 1.0000000 0.6859547 1.0000000    1   12   209
chr20           0 0.7025387 1.0000000 0.7854974 1.0000000    1    3    61
chr21           0 0.8803908 1.0000000 0.8377657 1.0000000    1    3    30
chr22           0 0.8709677 1.0000000 0.8165169 1.0000000    1    6    43
chr2            0 0.4128887 0.9166667 0.6923957 1.0000000    1    5   196
chr3            0 0.2604860 1.0000000 0.6824187 1.0000000    1    9   179
chr4            0 0.0000000 0.8453895 0.6239937 1.0000000    1    6   166
chr5            0 0.1159502 0.9871795 0.6511368 1.0000000    1    5   151
chr6            0 0.4706688 1.0000000 0.7119701 1.0000000    1    4   148
chr7            0 0.4230769 0.9466631 0.6870546 1.0000000    1    7   151
chr8            0 0.3347523 0.9581461 0.6766251 1.0000000    1    3   121
chr9            0 0.0000000 0.8071110 0.5885254 1.0000000    1    5   105
chrX            0 0.0000000 0.0000000 0.3036645 0.7177419    1    9   126
whole genome    0 0.2483766 0.9541284 0.6607440 1.0000000    1  131  2598
