[1] "Overlap between for_overlap_scores_11 and GSE63525_IMR90_Arrowhead_domainlist"
TopDomOverlapScores, list:
Chromosomes: [n = 23] ‘chr1’, ‘chr10’, ‘chr11’, ‘chr12’, ‘chr13’, ‘chr14’, ‘chr15’, ‘chr16’, ‘chr17’, ‘chr18’, ‘chr19’, ‘chr2’, ‘chr20’, ‘chr21’, ‘chr22’, ‘chr3’, ‘chr4’, ‘chr5’, ‘chr6’, ‘chr7’, ‘chr8’, ‘chr9’, ‘chrX’
Summary of reference domain lengths:
               Min. 1st Qu. Median     Mean 3rd Qu.    Max. count
chr1         130000  200000 270000 361933.1  430000 2600000   688
chr10        130000  200000 290000 399480.9  470000 3360000   366
chr11        130000  200000 280000 375816.3  440000 2580000   392
chr12        130000  200000 280000 384497.5  470000 2480000   398
chr13        130000  220000 340000 450134.5  580000 4240000   223
chr14        130000  190000 270000 361686.7  450000 1960000   249
chr15        130000  180000 270000 350649.8  440000 2360000   277
chr16        130000  190000 275000 361649.5  410000 3280000   194
chr17        130000  180000 245000 314352.5  395000 1450000   278
chr18        130000  210000 300000 412486.5  470000 2950000   185
chr19        130000  180000 250000 317765.4  370000 1560000   179
chr2         130000  200000 290000 384984.1  470000 2940000   628
chr20        130000  210000 280000 368412.7  460000 1490000   189
chr21        140000  200000 280000 409186.0  440000 2560000    86
chr22        130000  192500 250000 349152.5  410000 2110000   118
chr3         130000  210000 300000 403424.4  470000 3690000   549
chr4         130000  210000 300000 400657.9  472500 2920000   456
chr5         130000  200000 310000 406892.8  500000 2920000   457
chr6         130000  210000 300000 388655.1  470000 2060000   461
chr7         130000  200000 290000 413163.0  500000 5450000   411
chr8         130000  200000 290000 391968.5  460000 3040000   381
chr9         140000  200000 280000 379813.1  430000 3890000   321
chrX         130000  200000 280000 404948.5  485000 2480000   194
whole genome 130000  200000 280000 384192.7  460000 5450000  7680
Summary of best scores:
             Min.   1st Qu.    Median      Mean   3rd Qu. Max. count
chr1            0 0.1666667 0.4400000 0.4496320 0.7300824    1   688
chr10           0 0.2519697 0.5126984 0.5046409 0.7772727    1   366
chr11           0 0.2142857 0.4621011 0.4574556 0.7182353    1   392
chr12           0 0.3067241 0.5727833 0.5403559 0.7914773    1   398
chr13           0 0.0000000 0.3923077 0.4053785 0.7162879    1   223
chr14           0 0.0000000 0.4142857 0.4258400 0.7300000    1   249
chr15           0 0.0000000 0.3142857 0.3561711 0.6461538    1   277
chr16           0 0.0000000 0.3620192 0.3807239 0.6363095    1   194
chr17           0 0.2400000 0.5000000 0.4977608 0.7744318    1   278
chr18           0 0.2428571 0.5500000 0.5090210 0.7666667    1   185
chr19           0 0.2232143 0.4555556 0.4665840 0.7038770    1   179
chr2            0 0.2250000 0.4612500 0.4740964 0.7454167    1   628
chr20           0 0.2375000 0.4437500 0.4674083 0.7125000    1   189
chr21           0 0.2571429 0.5655844 0.5427183 0.8599114    1    86
chr22           0 0.2875000 0.6188312 0.5834296 0.8633523    1   118
chr3            0 0.2428571 0.5000000 0.4948874 0.7571429    1   549
chr4            0 0.2553030 0.5125000 0.4980218 0.7407143    1   456
chr5            0 0.2541667 0.5100000 0.5111007 0.7888889    1   457
chr6            0 0.2833333 0.5222222 0.5268638 0.8000000    1   461
chr7            0 0.2618952 0.5419355 0.5106394 0.7666667    1   411
chr8            0 0.2571429 0.5375000 0.5013128 0.7333333    1   381
chr9            0 0.0000000 0.3250000 0.3762575 0.6857143    1   321
chrX            0 0.2901822 0.4849624 0.5032202 0.7185714    1   194
whole genome    0 0.2142857 0.4800000 0.4778078 0.7500000    1  7680
[1] "Overlap between GSE63525_IMR90_Arrowhead_domainlist and for_overlap_scores_11"
TopDomOverlapScores, list:
Chromosomes: [n = 23] ‘chr10’, ‘chr11’, ‘chr12’, ‘chr13’, ‘chr14’, ‘chr15’, ‘chr16’, ‘chr17’, ‘chr18’, ‘chr19’, ‘chr1’, ‘chr20’, ‘chr21’, ‘chr22’, ‘chr2’, ‘chr3’, ‘chr4’, ‘chr5’, ‘chr6’, ‘chr7’, ‘chr8’, ‘chr9’, ‘chrX’
Summary of reference domain lengths:
              Min. 1st Qu.  Median      Mean 3rd Qu.    Max. NA's count
chr10        3e+05  600000  900000 1043859.6 1200000 3300000    9   123
chr11        3e+05  600000  800000 1007758.6 1200000 4700000    9   125
chr12        2e+05  600000  800000  914615.4 1075000 5800000    7   137
chr13        2e+05  700000  900000 1055294.1 1300000 4400000    3    88
chr14        2e+05  600000  800000 1067105.3 1100000 6200000    5    81
chr15        3e+05  600000  800000  982894.7 1200000 4700000    7    83
chr16        3e+05  700000  900000 1086363.6 1075000 4200000    2    68
chr17        2e+05  600000  800000  881481.5 1100000 3400000    6    87
chr18        3e+05  700000  900000 1149180.3 1600000 4300000    2    63
chr19        2e+05  600000  700000  992452.8 1200000 4400000    4    57
chr1         3e+05  600000  900000 1054314.7 1300000 4200000   12   209
chr20        3e+05  600000  750000  968965.5 1275000 2800000    3    61
chr21        4e+05  700000  800000 1203703.7 1350000 7300000    3    30
chr22        3e+05  600000  800000  916216.2 1100000 2400000    6    43
chr2         3e+05  700000  900000 1134555.0 1400000 4400000    5   196
chr3         3e+05  600000  900000 1038823.5 1300000 2900000    9   179
chr4         3e+05  700000  900000 1056250.0 1200000 7200000    6   166
chr5         2e+05  700000  900000 1092465.8 1300000 6700000    5   151
chr6         3e+05  600000  900000 1068750.0 1200000 4400000    4   148
chr7         2e+05  600000  800000  961805.6 1100000 3300000    7   151
chr8         2e+05  700000 1000000 1101694.9 1300000 4000000    3   121
chr9         2e+05  675000  800000 1072000.0 1300000 5200000    5   105
chrX         2e+05  700000 1000000 1146153.8 1300000 5400000    9   126
whole genome 2e+05  600000  900000 1046574.8 1200000 7300000  131  2598
Summary of best scores:
             Min.   1st Qu.    Median      Mean 3rd Qu. Max. NA's count
chr10           0 0.7437100 1.0000000 0.8298578       1    1    9   123
chr11           0 0.7984906 1.0000000 0.8130640       1    1    9   125
chr12           0 0.7927602 1.0000000 0.8585591       1    1    7   137
chr13           0 0.0000000 0.6470588 0.5482023       1    1    3    88
chr14           0 0.2281037 1.0000000 0.6670329       1    1    5    81
chr15           0 0.2121212 1.0000000 0.7007725       1    1    7    83
chr16           0 0.3025368 1.0000000 0.6964431       1    1    2    68
chr17           0 0.9402985 1.0000000 0.8651763       1    1    6    87
chr18           0 0.6923077 1.0000000 0.7725214       1    1    2    63
chr19           0 1.0000000 1.0000000 0.8997006       1    1    4    57
chr1            0 0.6521739 1.0000000 0.7654795       1    1   12   209
chr20           0 0.8430490 1.0000000 0.8371942       1    1    3    61
chr21           0 0.9464286 1.0000000 0.9263313       1    1    3    30
chr22           0 1.0000000 1.0000000 0.8585773       1    1    6    43
chr2            0 0.6988899 1.0000000 0.7867758       1    1    5   196
chr3            0 0.9094605 1.0000000 0.8548742       1    1    9   179
chr4            0 0.6635802 1.0000000 0.7957265       1    1    6   166
chr5            0 0.9171123 1.0000000 0.8348403       1    1    5   151
chr6            0 0.8608119 1.0000000 0.8376269       1    1    4   148
chr7            0 0.8377451 1.0000000 0.8433192       1    1    7   151
chr8            0 0.8958333 1.0000000 0.8500778       1    1    3   121
chr9            0 0.0000000 1.0000000 0.6651376       1    1    5   105
chrX            0 0.0000000 0.8219178 0.6053589       1    1    9   126
whole genome    0 0.6960404 1.0000000 0.7874267       1    1  131  2598
