[1] "Overlap between for_overlap_scores_11 and GSE63525_NHEK_Arrowhead_domainlist"
TopDomOverlapScores, list:
Chromosomes: [n = 23] ‘chr1’, ‘chr10’, ‘chr11’, ‘chr12’, ‘chr13’, ‘chr14’, ‘chr15’, ‘chr16’, ‘chr17’, ‘chr18’, ‘chr19’, ‘chr2’, ‘chr20’, ‘chr21’, ‘chr22’, ‘chr3’, ‘chr4’, ‘chr5’, ‘chr6’, ‘chr7’, ‘chr8’, ‘chr9’, ‘chrX’
Summary of reference domain lengths:
               Min. 1st Qu. Median     Mean 3rd Qu.    Max. count
chr1         130000  190000 240000 303395.5  350000 1330000   536
chr10        130000  190000 230000 308408.3  350000 1950000   289
chr11        130000  190000 240000 302407.4  360000 1890000   324
chr12        130000  200000 250000 296295.1  340000 1280000   305
chr13        150000  200000 275000 385059.5  412500 2070000   168
chr14        140000  190000 250000 290058.8  330000 1200000   170
chr15        130000  190000 230000 284782.6  330000 1370000   184
chr16        130000  192500 265000 375684.9  367500 3450000   146
chr17        130000  180000 220000 260271.7  290000  840000   184
chr18        130000  200000 260000 341036.6  382500 2090000   164
chr19        130000  170000 220000 249159.7  305000 1040000   119
chr2         130000  190000 260000 333257.3  380000 4240000   482
chr20        130000  190000 250000 287922.1  330000 1130000   154
chr21        140000  192500 260000 321025.6  357500 1830000    78
chr22        130000  172500 210000 258076.9  297500 1170000    78
chr3         130000  190000 250000 318105.7  377500 2150000   454
chr4         140000  207500 270000 337260.6  382500 1970000   376
chr5         130000  190000 260000 347520.7  375000 3020000   363
chr6         130000  200000 260000 311666.7  360000 1570000   384
chr7         130000  190000 250000 340757.1  370000 2680000   317
chr8         130000  190000 270000 321628.7  380000 2360000   307
chr9         130000  200000 270000 300819.7  360000 1100000   244
chrX         130000  220000 300000 432074.5  462500 1930000   188
whole genome 130000  190000 250000 319822.1  360000 4240000  6014
Summary of best scores:
             Min.    1st Qu.    Median      Mean   3rd Qu. Max. count
chr1            0 0.18785714 0.4605311 0.4562403 0.7368881    1   536
chr10           0 0.23333333 0.4555556 0.4737255 0.7200000    1   289
chr11           0 0.20755495 0.4600000 0.4548454 0.7026596    1   324
chr12           0 0.23333333 0.4741379 0.4829198 0.7153846    1   305
chr13           0 0.00000000 0.4041667 0.4109749 0.7285714    1   168
chr14           0 0.01209677 0.3720779 0.3997022 0.6833333    1   170
chr15           0 0.00000000 0.2230159 0.3151156 0.5925000    1   184
chr16           0 0.00000000 0.2686275 0.3656311 0.6819444    1   146
chr17           0 0.22964286 0.4651515 0.4775792 0.7606250    1   184
chr18           0 0.25340909 0.5363971 0.5051043 0.7500000    1   164
chr19           0 0.23725490 0.4666667 0.4700344 0.6932127    1   119
chr2            0 0.20909091 0.4345238 0.4575493 0.7164474    1   482
chr20           0 0.26004464 0.4849624 0.4861936 0.7000000    1   154
chr21           0 0.19285714 0.4971747 0.5006664 0.8142857    1    78
chr22           0 0.24531250 0.5031250 0.5291447 0.8218750    1    78
chr3            0 0.20000000 0.4452991 0.4640739 0.7287500    1   454
chr4            0 0.21680672 0.4845238 0.4765519 0.7320175    1   376
chr5            0 0.21666667 0.4769231 0.4732297 0.7338141    1   363
chr6            0 0.27293478 0.5179144 0.5089361 0.7773352    1   384
chr7            0 0.26428571 0.5285714 0.5100875 0.7645161    1   317
chr8            0 0.23818182 0.4833333 0.4878833 0.7416667    1   307
chr9            0 0.00000000 0.2791667 0.3520375 0.6285714    1   244
chrX            0 0.28854167 0.4500000 0.4924385 0.7191429    1   188
whole genome    0 0.20000000 0.4545455 0.4612392 0.7263344    1  6014
[1] "Overlap between GSE63525_NHEK_Arrowhead_domainlist and for_overlap_scores_11"
TopDomOverlapScores, list:
Chromosomes: [n = 23] ‘chr10’, ‘chr11’, ‘chr12’, ‘chr13’, ‘chr14’, ‘chr15’, ‘chr16’, ‘chr17’, ‘chr18’, ‘chr19’, ‘chr1’, ‘chr20’, ‘chr21’, ‘chr22’, ‘chr2’, ‘chr3’, ‘chr4’, ‘chr5’, ‘chr6’, ‘chr7’, ‘chr8’, ‘chr9’, ‘chrX’
Summary of reference domain lengths:
              Min. 1st Qu.  Median      Mean 3rd Qu.    Max. NA's count
chr10        3e+05  600000  900000 1043859.6 1200000 3300000    9   123
chr11        3e+05  600000  800000 1007758.6 1200000 4700000    9   125
chr12        2e+05  600000  800000  914615.4 1075000 5800000    7   137
chr13        2e+05  700000  900000 1055294.1 1300000 4400000    3    88
chr14        2e+05  600000  800000 1067105.3 1100000 6200000    5    81
chr15        3e+05  600000  800000  982894.7 1200000 4700000    7    83
chr16        3e+05  700000  900000 1086363.6 1075000 4200000    2    68
chr17        2e+05  600000  800000  881481.5 1100000 3400000    6    87
chr18        3e+05  700000  900000 1149180.3 1600000 4300000    2    63
chr19        2e+05  600000  700000  992452.8 1200000 4400000    4    57
chr1         3e+05  600000  900000 1054314.7 1300000 4200000   12   209
chr20        3e+05  600000  750000  968965.5 1275000 2800000    3    61
chr21        4e+05  700000  800000 1203703.7 1350000 7300000    3    30
chr22        3e+05  600000  800000  916216.2 1100000 2400000    6    43
chr2         3e+05  700000  900000 1134555.0 1400000 4400000    5   196
chr3         3e+05  600000  900000 1038823.5 1300000 2900000    9   179
chr4         3e+05  700000  900000 1056250.0 1200000 7200000    6   166
chr5         2e+05  700000  900000 1092465.8 1300000 6700000    5   151
chr6         3e+05  600000  900000 1068750.0 1200000 4400000    4   148
chr7         2e+05  600000  800000  961805.6 1100000 3300000    7   151
chr8         2e+05  700000 1000000 1101694.9 1300000 4000000    3   121
chr9         2e+05  675000  800000 1072000.0 1300000 5200000    5   105
chrX         2e+05  700000 1000000 1146153.8 1300000 5400000    9   126
whole genome 2e+05  600000  900000 1046574.8 1200000 7300000  131  2598
Summary of best scores:
             Min.   1st Qu.    Median      Mean 3rd Qu. Max. NA's count
chr10           0 0.8771238 1.0000000 0.8432994       1    1    9   123
chr11           0 0.8583333 1.0000000 0.8281743       1    1    9   125
chr12           0 0.7920259 1.0000000 0.8378552       1    1    7   137
chr13           0 0.0000000 0.6258993 0.5465802       1    1    3    88
chr14           0 0.0000000 1.0000000 0.6370198       1    1    5    81
chr15           0 0.0000000 1.0000000 0.6354740       1    1    7    83
chr16           0 0.3608696 1.0000000 0.6978343       1    1    2    68
chr17           0 0.8888889 1.0000000 0.8533662       1    1    6    87
chr18           0 0.8571429 1.0000000 0.8299807       1    1    2    63
chr19           0 1.0000000 1.0000000 0.8829780       1    1    4    57
chr1            0 0.6842105 1.0000000 0.7798973       1    1   12   209
chr20           0 0.8445495 1.0000000 0.8287521       1    1    3    61
chr21           0 1.0000000 1.0000000 0.9350877       1    1    3    30
chr22           0 1.0000000 1.0000000 0.8856177       1    1    6    43
chr2            0 0.8306452 1.0000000 0.8304401       1    1    5   196
chr3            0 0.9563492 1.0000000 0.8643966       1    1    9   179
chr4            0 0.8172909 1.0000000 0.8485409       1    1    6   166
chr5            0 0.8417930 1.0000000 0.8456145       1    1    5   151
chr6            0 1.0000000 1.0000000 0.8832292       1    1    4   148
chr7            0 0.8295480 1.0000000 0.8385387       1    1    7   151
chr8            0 0.9587500 1.0000000 0.8587687       1    1    3   121
chr9            0 0.0000000 1.0000000 0.6445908       1    1    5   105
chrX            0 0.4390244 1.0000000 0.7061455       1    1    9   126
whole genome    0 0.7692308 1.0000000 0.8016856       1    1  131  2598
