[1] "Overlap between GSE63525_GM12878_primary+replicate_Arrowhead_domainlist and GSE63525_HMEC_Arrowhead_domainlist"
TopDomOverlapScores, list:
Chromosomes: [n = 23] ‘chr1’, ‘chr10’, ‘chr11’, ‘chr12’, ‘chr13’, ‘chr14’, ‘chr15’, ‘chr16’, ‘chr17’, ‘chr18’, ‘chr19’, ‘chr2’, ‘chr20’, ‘chr21’, ‘chr22’, ‘chr3’, ‘chr4’, ‘chr5’, ‘chr6’, ‘chr7’, ‘chr8’, ‘chr9’, ‘chrX’
Summary of reference domain lengths:
               Min. 1st Qu. Median     Mean 3rd Qu.    Max. count
chr1         130000  190000 240000 310609.1  307500 2530000   394
chr10        130000  175000 210000 309476.4  290000 1640000   191
chr11        130000  180000 230000 309511.1  290000 1800000   225
chr12        130000  190000 220000 322008.7  320000 2490000   229
chr13        130000  200000 250000 426960.8  442500 2280000   102
chr14        130000  180000 230000 304750.0  290000 1600000   120
chr15        130000  170000 220000 289591.8  290000 1410000   147
chr16        130000  180000 230000 344196.4  320000 1910000   112
chr17        130000  170000 210000 252243.6  270000 1240000   156
chr18        130000  190000 220000 319903.8  300000 2090000   104
chr19        140000  162500 210000 258292.7  267500 1530000    82
chr2         130000  180000 240000 332911.8  322500 2210000   340
chr20        130000  190000 240000 313964.0  285000 2020000   111
chr21        130000  187500 210000 259772.7  270000  860000    44
chr22        130000  170000 200000 275000.0  250000 2000000    58
chr3         130000  180000 230000 343469.4  320000 2090000   294
chr4         130000  190000 245000 375450.5  357500 1990000   222
chr5         130000  190000 240000 396008.6  360000 2150000   233
chr6         130000  190000 240000 304651.2  317500 1690000   258
chr7         130000  185000 230000 343412.3  310000 2420000   211
chr8         130000  190000 240000 323134.3  320000 1520000   201
chr9         150000  190000 240000 317613.6  280000 2510000   176
chrX         130000  190000 240000 430348.8  680000 1810000    86
whole genome 130000  180000 230000 327356.0  310000 2530000  4096
Summary of best scores:
                  Min.   1st Qu.    Median      Mean 3rd Qu. Max. count
chr1         0.0000000 0.9523810 1.0000000 0.8854864       1    1   394
chr10        0.0000000 0.9170866 1.0000000 0.8260440       1    1   191
chr11        0.0000000 0.9638554 1.0000000 0.8810339       1    1   225
chr12        0.0000000 0.9512195 1.0000000 0.8826931       1    1   229
chr13        0.0000000 0.9448198 1.0000000 0.8325103       1    1   102
chr14        0.0000000 0.9307320 1.0000000 0.8781533       1    1   120
chr15        0.0000000 0.9344086 1.0000000 0.8594337       1    1   147
chr16        0.0000000 0.9255051 1.0000000 0.8879244       1    1   112
chr17        0.0000000 0.9571221 1.0000000 0.8760190       1    1   156
chr18        0.0000000 0.7996644 1.0000000 0.8227885       1    1   104
chr19        0.0000000 1.0000000 1.0000000 0.9398816       1    1    82
chr2         0.0000000 0.8130148 1.0000000 0.8064362       1    1   340
chr20        0.0000000 0.9220648 1.0000000 0.8939598       1    1   111
chr21        0.0000000 0.4392012 0.9820988 0.7345878       1    1    44
chr22        0.5849057 0.9851142 1.0000000 0.9778724       1    1    58
chr3         0.0000000 0.7941102 0.9793793 0.7938949       1    1   294
chr4         0.0000000 0.7653061 0.9785244 0.7788394       1    1   222
chr5         0.0000000 0.8648649 1.0000000 0.8042356       1    1   233
chr6         0.0000000 0.8735119 1.0000000 0.8255832       1    1   258
chr7         0.0000000 0.8525362 1.0000000 0.8085180       1    1   211
chr8         0.0000000 0.8051948 1.0000000 0.8108765       1    1   201
chr9         0.0000000 0.8519556 1.0000000 0.8393589       1    1   176
chrX         0.0000000 0.9392361 1.0000000 0.8461607       1    1    86
whole genome 0.0000000 0.9056604 1.0000000 0.8412195       1    1  4096
[1] "Overlap between GSE63525_HMEC_Arrowhead_domainlist and GSE63525_GM12878_primary+replicate_Arrowhead_domainlist"
TopDomOverlapScores, list:
Chromosomes: [n = 23] ‘chr1’, ‘chr10’, ‘chr11’, ‘chr12’, ‘chr13’, ‘chr14’, ‘chr15’, ‘chr16’, ‘chr17’, ‘chr18’, ‘chr19’, ‘chr2’, ‘chr20’, ‘chr21’, ‘chr22’, ‘chr3’, ‘chr4’, ‘chr5’, ‘chr6’, ‘chr7’, ‘chr8’, ‘chr9’, ‘chrX’
Summary of reference domain lengths:
              Min. 1st Qu. Median     Mean 3rd Qu.    Max. count
chr1         65000  110000 170000 240281.2  305000 1535000   889
chr10        65000  115000 177500 248479.7  315000 1855000   444
chr11        65000  115000 170000 243016.0  322500 1520000   499
chr12        65000  115000 185000 250220.0  326250 2025000   500
chr13        65000  125000 225000 307134.4  395000 2280000   253
chr14        65000  117500 175000 240401.3  317500 1125000   299
chr15        65000  115000 175000 253300.7  325000 1455000   306
chr16        65000  115000 175000 257306.3  320000 1910000   271
chr17        65000  110000 170000 227652.1  275000 2000000   411
chr18        65000  115000 210000 285698.7  345000 2010000   229
chr19        65000   95000 140000 206719.2  245000 1545000   317
chr2         65000  115000 190000 269809.8  335000 2130000   736
chr20        65000  120000 185000 259317.3  305000 1920000   249
chr21        65000  105000 185000 246302.1  293750 2025000    96
chr22        65000  115000 165000 248418.1  315000 1060000   177
chr3         65000  115000 190000 263021.2  355000 2345000   614
chr4         65000  125000 215000 279013.5  365000 1650000   446
chr5         65000  115000 190000 266491.1  355000 2690000   503
chr6         65000  115000 195000 266987.5  345000 1515000   561
chr7         70000  115000 192500 279410.5  345000 1990000   458
chr8         65000  115000 190000 262163.5  345000 2220000   416
chr9         65000  115000 185000 263395.7  335000 1885000   374
chrX         65000  131250 217500 298938.1  370000 2455000   226
whole genome 65000  115000 185000 258279.1  330000 2690000  9274
Summary of best scores:
             Min.     1st Qu.     Median      Mean   3rd Qu. Max. count
chr1            0 0.010000000 0.87037037 0.6062155 1.0000000    1   889
chr10           0 0.000000000 0.65045249 0.5173460 0.9784140    1   444
chr11           0 0.000000000 0.78260870 0.5638962 1.0000000    1   499
chr12           0 0.051973684 0.87108262 0.6123973 1.0000000    1   500
chr13           0 0.000000000 0.45180723 0.4857025 0.9761905    1   253
chr14           0 0.000000000 0.76086957 0.5366654 0.9972527    1   299
chr15           0 0.005599473 0.90682870 0.6188965 1.0000000    1   306
chr16           0 0.000000000 0.71666667 0.5420926 0.9811254    1   271
chr17           0 0.000000000 0.76190476 0.5358127 0.9807407    1   411
chr18           0 0.000000000 0.90000000 0.5965621 1.0000000    1   229
chr19           0 0.000000000 0.26315789 0.4442473 0.9750000    1   317
chr2            0 0.000000000 0.76376488 0.5536011 0.9800000    1   736
chr20           0 0.000000000 0.84210526 0.6056759 1.0000000    1   249
chr21           0 0.000000000 0.39313598 0.4842241 0.9818008    1    96
chr22           0 0.000000000 0.70312500 0.5274938 0.9875000    1   177
chr3            0 0.000000000 0.73973727 0.5477432 1.0000000    1   614
chr4            0 0.000000000 0.66894737 0.5232389 1.0000000    1   446
chr5            0 0.000000000 0.74358974 0.5455793 0.9975074    1   503
chr6            0 0.000000000 0.83333333 0.5586409 1.0000000    1   561
chr7            0 0.000000000 0.69503838 0.5474790 1.0000000    1   458
chr8            0 0.000000000 0.78256303 0.5535651 1.0000000    1   416
chr9            0 0.000000000 0.86939571 0.5876611 1.0000000    1   374
chrX            0 0.000000000 0.04232804 0.4349116 0.9800000    1   226
whole genome    0 0.000000000 0.78271849 0.5529680 0.9928571    1  9274
