Normalising chromosome chr1 matrix
Input data shape :  (2435300, 3)
  (0, 0)	4
  (0, 182)	1
  (0, 288)	1
  (0, 602)	1
  (0, 613)	1
  (0, 617)	1
  (0, 656)	1
  (0, 723)	1
  (0, 873)	1
  (0, 967)	1
  (0, 971)	1
  (0, 1026)	1
  (0, 1153)	1
  (0, 1157)	1
  (0, 1176)	1
  (0, 1582)	1
  (0, 1865)	1
  (0, 2032)	1
  (0, 2040)	1
  (0, 2052)	1
  (0, 2206)	1
  (0, 2298)	1
  (0, 2408)	1
  (0, 2450)	1
  (0, 2475)	1
  :	:
  (2492, 2468)	132
  (2492, 2469)	115
  (2492, 2470)	142
  (2492, 2471)	110
  (2492, 2472)	153
  (2492, 2473)	161
  (2492, 2474)	180
  (2492, 2475)	268
  (2492, 2476)	173
  (2492, 2477)	153
  (2492, 2478)	230
  (2492, 2479)	159
  (2492, 2480)	260
  (2492, 2481)	291
  (2492, 2482)	241
  (2492, 2483)	440
  (2492, 2484)	489
  (2492, 2485)	769
  (2492, 2486)	336
  (2492, 2487)	4
  (2492, 2488)	723
  (2492, 2489)	76
  (2492, 2490)	485
  (2492, 2491)	6192
  (2492, 2492)	12318
Input at the good resolution :  (2493, 2493)
          1          2          3   4
0      chr1          0       9800  15
1      chr1       9800      10600   9
2      chr1      10600     235600  15
3      chr1     235600     236000   7
4      chr1     236000     713200  15
...     ...        ...        ...  ..
43449  chr1  249219800  249220000   2
43450  chr1  249220000  249221200   7
43451  chr1  249221200  249239400  15
43452  chr1  249239400  249240200   9
43453  chr1  249240200  249250600  15

[43454 rows x 4 columns]
Bp cover by this mark, has to be >0 : 28.298000000000002
before filtering :  (2493, 2493)
after filtering :  (2108, 2108)
3D
(2108, 2108)
Normalising chromosome chr2 matrix
Input data shape :  (2776638, 3)
  (0, 0)	52770
  (0, 1)	6797
  (0, 2)	4102
  (0, 3)	2699
  (0, 4)	2315
  (0, 5)	2322
  (0, 6)	2609
  (0, 7)	1279
  (0, 8)	1001
  (0, 9)	827
  (0, 10)	808
  (0, 11)	733
  (0, 12)	723
  (0, 13)	626
  (0, 14)	895
  (0, 15)	890
  (0, 16)	867
  (0, 17)	843
  (0, 18)	733
  (0, 19)	545
  (0, 20)	345
  (0, 21)	424
  (0, 22)	274
  (0, 23)	285
  (0, 24)	317
  :	:
  (2431, 2405)	2
  (2431, 2406)	1
  (2431, 2407)	2
  (2431, 2409)	2
  (2431, 2410)	2
  (2431, 2412)	2
  (2431, 2413)	1
  (2431, 2414)	4
  (2431, 2415)	1
  (2431, 2416)	5
  (2431, 2417)	8
  (2431, 2418)	3
  (2431, 2419)	6
  (2431, 2420)	4
  (2431, 2421)	2
  (2431, 2422)	2
  (2431, 2423)	2
  (2431, 2424)	5
  (2431, 2425)	4
  (2431, 2426)	12
  (2431, 2427)	10
  (2431, 2428)	36
  (2431, 2429)	68
  (2431, 2430)	26
  (2431, 2431)	6
Input at the good resolution :  (2432, 2432)
           1          2          3   4
220534  chr2          0      10400  15
220535  chr2      10400      12200   9
220536  chr2      12200      45200  15
220537  chr2      45200      48200   9
220538  chr2      48200      56800  15
...      ...        ...        ...  ..
258600  chr2  243041000  243041200   7
258601  chr2  243041200  243044600   5
258602  chr2  243044600  243152200  15
258603  chr2  243152200  243154000   9
258604  chr2  243154000  243199200  15

[38071 rows x 4 columns]
Bp cover by this mark, has to be >0 : 21.45
before filtering :  (2432, 2432)
after filtering :  (2179, 2179)
3D
(2179, 2179)
Normalising chromosome chr3 matrix
Input data shape :  (1889666, 3)
  (0, 0)	10204
  (0, 1)	4194
  (0, 2)	2330
  (0, 3)	2578
  (0, 4)	2478
  (0, 5)	769
  (0, 6)	278
  (0, 7)	282
  (0, 8)	247
  (0, 9)	218
  (0, 10)	146
  (0, 11)	96
  (0, 12)	126
  (0, 13)	72
  (0, 14)	101
  (0, 15)	76
  (0, 16)	64
  (0, 17)	91
  (0, 18)	49
  (0, 19)	59
  (0, 20)	65
  (0, 21)	79
  (0, 22)	85
  (0, 23)	53
  (0, 24)	72
  :	:
  (1979, 1775)	1
  (1979, 1782)	1
  (1979, 1798)	1
  (1979, 1803)	1
  (1979, 1804)	1
  (1979, 1837)	1
  (1979, 1841)	1
  (1979, 1845)	1
  (1979, 1853)	1
  (1979, 1867)	1
  (1979, 1880)	1
  (1979, 1909)	1
  (1979, 1911)	1
  (1979, 1923)	1
  (1979, 1952)	1
  (1979, 1953)	1
  (1979, 1958)	1
  (1979, 1965)	1
  (1979, 1967)	1
  (1979, 1970)	1
  (1979, 1973)	2
  (1979, 1975)	1
  (1979, 1976)	3
  (1979, 1977)	8
  (1979, 1978)	5
Input at the good resolution :  (1980, 1980)
           1          2          3   4
286117  chr3          0     186200  15
286118  chr3     186200     192000  14
286119  chr3     192000     200600  15
286120  chr3     200600     207400  14
286121  chr3     207400     215400  15
...      ...        ...        ...  ..
317193  chr3  197840000  197841200  13
317194  chr3  197841200  197843000  14
317195  chr3  197843000  197900000  15
317196  chr3  197900000  197900800   9
317197  chr3  197900800  198022400  15

[31081 rows x 4 columns]
Bp cover by this mark, has to be >0 : 18.060000000000002
before filtering :  (1980, 1980)
after filtering :  (1786, 1786)
3D
(1786, 1786)
Normalising chromosome chr4 matrix
Input data shape :  (1728070, 3)
  (0, 0)	84668
  (0, 1)	7660
  (0, 2)	5203
  (0, 3)	3492
  (0, 4)	3211
  (0, 5)	2788
  (0, 6)	2372
  (0, 7)	861
  (0, 8)	770
  (0, 9)	605
  (0, 10)	568
  (0, 11)	458
  (0, 12)	449
  (0, 13)	633
  (0, 14)	498
  (0, 15)	738
  (0, 16)	516
  (0, 17)	188
  (0, 18)	155
  (0, 19)	136
  (0, 20)	145
  (0, 21)	131
  (0, 22)	123
  (0, 23)	128
  (0, 24)	78
  :	:
  (1910, 1886)	21
  (1910, 1887)	13
  (1910, 1888)	20
  (1910, 1889)	13
  (1910, 1890)	20
  (1910, 1891)	14
  (1910, 1892)	17
  (1910, 1893)	15
  (1910, 1894)	14
  (1910, 1895)	12
  (1910, 1896)	10
  (1910, 1897)	8
  (1910, 1898)	14
  (1910, 1899)	23
  (1910, 1900)	26
  (1910, 1901)	18
  (1910, 1902)	16
  (1910, 1903)	24
  (1910, 1904)	24
  (1910, 1905)	26
  (1910, 1906)	44
  (1910, 1907)	54
  (1910, 1908)	102
  (1910, 1909)	16
  (1910, 1910)	5210
Input at the good resolution :  (1911, 1911)
           1          2          3   4
317198  chr4          0      27200  15
317199  chr4      27200      29400   9
317200  chr4      29400      35600  15
317201  chr4      35600      37600   9
317202  chr4      37600      40800  15
...      ...        ...        ...  ..
338245  chr4  191003600  191028400  15
338246  chr4  191028400  191033800   9
338247  chr4  191033800  191043600  15
338248  chr4  191043600  191044400   9
338249  chr4  191044400  191154200  15

[21052 rows x 4 columns]
Bp cover by this mark, has to be >0 : 12.882000000000001
before filtering :  (1911, 1911)
after filtering :  (1703, 1703)
3D
(1703, 1703)
Normalising chromosome chr5 matrix
Input data shape :  (1533205, 3)
  (0, 0)	46352
  (0, 1)	8947
  (0, 2)	2334
  (0, 3)	1260
  (0, 4)	1300
  (0, 5)	1616
  (0, 6)	1155
  (0, 7)	516
  (0, 8)	941
  (0, 9)	1236
  (0, 10)	857
  (0, 11)	1013
  (0, 12)	751
  (0, 13)	691
  (0, 14)	662
  (0, 15)	387
  (0, 16)	537
  (0, 17)	583
  (0, 18)	524
  (0, 19)	524
  (0, 20)	446
  (0, 21)	340
  (0, 22)	270
  (0, 23)	208
  (0, 24)	174
  :	:
  (1807, 1785)	18
  (1807, 1786)	18
  (1807, 1787)	23
  (1807, 1788)	23
  (1807, 1789)	37
  (1807, 1790)	33
  (1807, 1791)	48
  (1807, 1792)	69
  (1807, 1793)	68
  (1807, 1794)	61
  (1807, 1795)	56
  (1807, 1796)	66
  (1807, 1797)	98
  (1807, 1798)	56
  (1807, 1799)	130
  (1807, 1800)	133
  (1807, 1801)	210
  (1807, 1802)	411
  (1807, 1803)	235
  (1807, 1804)	281
  (1807, 1805)	654
  (1807, 1806)	2273
  (1807, 1807)	2348
  (1808, 19)	1
  (1808, 870)	1
Input at the good resolution :  (1809, 1809)
           1          2          3   4
338250  chr5          0      11800  15
338251  chr5      11800      12600   9
338252  chr5      12600      52800  15
338253  chr5      52800      53600   9
338254  chr5      53600      82800  15
...      ...        ...        ...  ..
363760  chr5  180714200  180714600   2
363761  chr5  180714600  180714800   7
363762  chr5  180714800  180715200   2
363763  chr5  180715200  180715400   7
363764  chr5  180715400  180915200  15

[25515 rows x 4 columns]
Bp cover by this mark, has to be >0 : 15.22
before filtering :  (1809, 1809)
after filtering :  (1603, 1603)
3D
(1603, 1603)
Normalising chromosome chr6 matrix
Input data shape :  (1396063, 3)
  (1, 2)	3
  (1, 3)	2
  (1, 4)	1
  (1, 5)	1
  (1, 10)	1
  (1, 13)	2
  (1, 21)	1
  (1, 31)	1
  (1, 169)	1
  (1, 345)	1
  (1, 349)	1
  (1, 440)	1
  (1, 533)	1
  (1, 1161)	1
  (1, 1249)	1
  (2, 1)	3
  (2, 2)	179484
  (2, 3)	47180
  (2, 4)	12995
  (2, 5)	7219
  (2, 6)	4080
  (2, 7)	2914
  (2, 8)	1192
  (2, 9)	1042
  (2, 10)	1079
  :	:
  (1709, 1698)	116
  (1709, 1699)	177
  (1709, 1700)	321
  (1709, 1701)	615
  (1709, 1702)	380
  (1709, 1703)	166
  (1709, 1704)	244
  (1709, 1705)	356
  (1709, 1706)	593
  (1709, 1707)	475
  (1709, 1708)	2536
  (1709, 1709)	7096
  (1710, 9)	1
  (1710, 12)	1
  (1710, 19)	1
  (1710, 20)	1
  (1710, 23)	1
  (1710, 51)	1
  (1710, 96)	1
  (1710, 318)	1
  (1710, 382)	1
  (1710, 384)	1
  (1710, 561)	1
  (1710, 1493)	1
  (1710, 1617)	1
Input at the good resolution :  (1711, 1711)
           1          2          3   4
363765  chr6          0     149400  15
363766  chr6     149400     154200   7
363767  chr6     154200     154400   2
363768  chr6     154400     154600   7
363769  chr6     154600     155200   2
...      ...        ...        ...  ..
392889  chr6  170892400  170894400   1
392890  chr6  170894400  170895000   2
392891  chr6  170895000  170898800  15
392892  chr6  170898800  170900800   9
392893  chr6  170900800  171115000  15

[29129 rows x 4 columns]
Bp cover by this mark, has to be >0 : 19.000000000000004
before filtering :  (1711, 1711)
after filtering :  (1545, 1545)
3D
(1545, 1545)
Normalising chromosome chr7 matrix
Input data shape :  (1184615, 3)
  (0, 0)	35746
  (0, 1)	7062
  (0, 2)	1082
  (0, 3)	1916
  (0, 4)	1819
  (0, 5)	1329
  (0, 6)	1246
  (0, 7)	1336
  (0, 8)	1028
  (0, 9)	526
  (0, 10)	314
  (0, 11)	330
  (0, 12)	618
  (0, 13)	651
  (0, 14)	562
  (0, 15)	319
  (0, 16)	379
  (0, 17)	362
  (0, 18)	233
  (0, 19)	251
  (0, 20)	198
  (0, 21)	228
  (0, 22)	132
  (0, 23)	110
  (0, 24)	133
  :	:
  (1591, 1567)	88
  (1591, 1568)	138
  (1591, 1569)	105
  (1591, 1570)	118
  (1591, 1571)	165
  (1591, 1572)	304
  (1591, 1573)	294
  (1591, 1574)	281
  (1591, 1575)	271
  (1591, 1576)	289
  (1591, 1577)	305
  (1591, 1578)	253
  (1591, 1579)	298
  (1591, 1580)	305
  (1591, 1581)	293
  (1591, 1582)	424
  (1591, 1583)	530
  (1591, 1584)	507
  (1591, 1585)	404
  (1591, 1586)	517
  (1591, 1587)	717
  (1591, 1588)	989
  (1591, 1589)	1068
  (1591, 1590)	2005
  (1591, 1591)	9544
Input at the good resolution :  (1592, 1592)
           1          2          3   4
392894  chr7          0      84000  15
392895  chr7      84000      90000  14
392896  chr7      90000      96800  15
392897  chr7      96800     112600  14
392898  chr7     112600     113400   9
...      ...        ...        ...  ..
416517  chr7  159024600  159063000  15
416518  chr7  159063000  159063800   9
416519  chr7  159063800  159070000  15
416520  chr7  159070000  159070800   9
416521  chr7  159070800  159138600  15

[23628 rows x 4 columns]
Bp cover by this mark, has to be >0 : 14.618000000000002
before filtering :  (1592, 1592)
after filtering :  (1401, 1401)
3D
(1401, 1401)
Normalising chromosome chr8 matrix
Input data shape :  (1002949, 3)
  (0, 0)	10
  (0, 94)	1
  (0, 108)	1
  (0, 213)	1
  (0, 286)	2
  (0, 287)	1
  (0, 409)	1
  (0, 559)	1
  (0, 575)	1
  (0, 674)	1
  (0, 874)	1
  (0, 949)	1
  (0, 988)	1
  (0, 1016)	1
  (0, 1079)	1
  (0, 1208)	1
  (0, 1383)	1
  (0, 1419)	1
  (0, 1431)	1
  (0, 1432)	1
  (0, 1445)	2
  (0, 1447)	1
  (0, 1458)	2
  (0, 1459)	1
  (0, 1460)	3
  :	:
  (1463, 1437)	4
  (1463, 1438)	7
  (1463, 1439)	4
  (1463, 1440)	7
  (1463, 1441)	7
  (1463, 1442)	8
  (1463, 1443)	9
  (1463, 1444)	14
  (1463, 1445)	4
  (1463, 1446)	20
  (1463, 1447)	17
  (1463, 1448)	12
  (1463, 1449)	12
  (1463, 1450)	10
  (1463, 1451)	16
  (1463, 1452)	21
  (1463, 1455)	29
  (1463, 1456)	63
  (1463, 1457)	51
  (1463, 1458)	50
  (1463, 1459)	69
  (1463, 1460)	94
  (1463, 1461)	115
  (1463, 1462)	664
  (1463, 1463)	632
Input at the good resolution :  (1464, 1464)
           1          2          3   4
416522  chr8          0      45800  15
416523  chr8      45800      46400   9
416524  chr8      46400     164600  15
416525  chr8     164600     168000   5
416526  chr8     168000     171200  15
...      ...        ...        ...  ..
436886  chr8  146278600  146278800   2
436887  chr8  146278800  146279200   3
436888  chr8  146279200  146285600   4
436889  chr8  146285600  146290800   5
436890  chr8  146290800  146364000  15

[20369 rows x 4 columns]
Bp cover by this mark, has to be >0 : 11.662
before filtering :  (1464, 1464)
after filtering :  (1304, 1304)
3D
(1304, 1304)
Normalising chromosome chr9 matrix
Input data shape :  (627202, 3)
  (0, 0)	182
  (0, 1)	21
  (0, 2)	121
  (0, 3)	129
  (0, 4)	108
  (0, 5)	86
  (0, 6)	51
  (0, 7)	55
  (0, 8)	51
  (0, 9)	45
  (0, 10)	36
  (0, 11)	20
  (0, 12)	24
  (0, 13)	16
  (0, 14)	14
  (0, 15)	9
  (0, 16)	19
  (0, 17)	25
  (0, 18)	15
  (0, 19)	13
  (0, 20)	17
  (0, 21)	16
  (0, 22)	13
  (0, 23)	9
  (0, 24)	8
  :	:
  (1411, 1385)	7
  (1411, 1386)	2
  (1411, 1387)	4
  (1411, 1388)	4
  (1411, 1389)	4
  (1411, 1390)	3
  (1411, 1391)	2
  (1411, 1392)	2
  (1411, 1394)	3
  (1411, 1395)	1
  (1411, 1396)	2
  (1411, 1398)	3
  (1411, 1399)	1
  (1411, 1400)	2
  (1411, 1401)	3
  (1411, 1402)	7
  (1411, 1403)	11
  (1411, 1404)	11
  (1411, 1405)	15
  (1411, 1406)	13
  (1411, 1407)	20
  (1411, 1408)	37
  (1411, 1409)	33
  (1411, 1410)	42
  (1411, 1411)	52
Input at the good resolution :  (1412, 1412)
           1          2          3   4
436891  chr9          0      10000  15
436892  chr9      10000      10800   9
436893  chr9      10800      11000   5
436894  chr9      11000      11400   1
436895  chr9      11400     111200  15
...      ...        ...        ...  ..
455434  chr9  140844800  140915200  15
455435  chr9  140915200  140944000  14
455436  chr9  140944000  140978400  15
455437  chr9  140978400  140981200   9
455438  chr9  140981200  141213400  15

[18548 rows x 4 columns]
Bp cover by this mark, has to be >0 : 11.018
before filtering :  (1412, 1412)
after filtering :  (1082, 1082)
3D
(1082, 1082)
Normalising chromosome chr10 matrix
Input data shape :  (840168, 3)
  (0, 0)	334
  (0, 1)	308
  (0, 2)	124
  (0, 3)	108
  (0, 4)	120
  (0, 5)	88
  (0, 6)	66
  (0, 7)	58
  (0, 8)	66
  (0, 9)	38
  (0, 10)	34
  (0, 11)	31
  (0, 12)	27
  (0, 13)	23
  (0, 14)	10
  (0, 15)	18
  (0, 16)	12
  (0, 17)	12
  (0, 18)	13
  (0, 19)	15
  (0, 20)	13
  (0, 21)	20
  (0, 22)	13
  (0, 23)	10
  (0, 24)	11
  :	:
  (1355, 1322)	1
  (1355, 1324)	1
  (1355, 1325)	1
  (1355, 1328)	2
  (1355, 1330)	4
  (1355, 1333)	1
  (1355, 1334)	1
  (1355, 1336)	1
  (1355, 1337)	2
  (1355, 1338)	2
  (1355, 1340)	3
  (1355, 1341)	4
  (1355, 1343)	3
  (1355, 1344)	5
  (1355, 1345)	2
  (1355, 1346)	3
  (1355, 1347)	3
  (1355, 1348)	5
  (1355, 1349)	2
  (1355, 1350)	4
  (1355, 1351)	12
  (1355, 1352)	6
  (1355, 1353)	6
  (1355, 1354)	6
  (1355, 1355)	10
Input at the good resolution :  (1356, 1356)
           1          2          3   4
43454  chr10          0     119600  15
43455  chr10     119600     120200   1
43456  chr10     120200     140200  15
43457  chr10     140200     145200   9
43458  chr10     145200     149000  15
...      ...        ...        ...  ..
65401  chr10  135499800  135501200   8
65402  chr10  135501200  135502600   9
65403  chr10  135502600  135523800  15
65404  chr10  135523800  135525000   9
65405  chr10  135525000  135534600  15

[21952 rows x 4 columns]
Bp cover by this mark, has to be >0 : 12.454
before filtering :  (1356, 1356)
after filtering :  (1208, 1208)
3D
(1208, 1208)
Normalising chromosome chr11 matrix
Input data shape :  (857289, 3)
  (1, 1)	17952
  (1, 2)	7605
  (1, 3)	3665
  (1, 4)	1820
  (1, 5)	1377
  (1, 6)	560
  (1, 7)	646
  (1, 8)	359
  (1, 9)	261
  (1, 10)	124
  (1, 11)	38
  (1, 12)	83
  (1, 13)	105
  (1, 14)	62
  (1, 15)	101
  (1, 16)	62
  (1, 17)	82
  (1, 18)	98
  (1, 19)	76
  (1, 20)	48
  (1, 21)	41
  (1, 22)	39
  (1, 23)	72
  (1, 24)	64
  (1, 25)	37
  :	:
  (1349, 1325)	189
  (1349, 1326)	175
  (1349, 1327)	198
  (1349, 1328)	235
  (1349, 1329)	263
  (1349, 1330)	242
  (1349, 1331)	227
  (1349, 1332)	245
  (1349, 1333)	236
  (1349, 1334)	282
  (1349, 1335)	266
  (1349, 1336)	295
  (1349, 1337)	432
  (1349, 1338)	552
  (1349, 1339)	510
  (1349, 1340)	599
  (1349, 1341)	989
  (1349, 1342)	1346
  (1349, 1343)	1155
  (1349, 1344)	1335
  (1349, 1345)	1442
  (1349, 1346)	1766
  (1349, 1347)	2917
  (1349, 1348)	5768
  (1349, 1349)	36500
Input at the good resolution :  (1350, 1350)
           1          2          3   4
65406  chr11          0     189600  15
65407  chr11     189600     190400   7
65408  chr11     190400     190600   2
65409  chr11     190600     190800   7
65410  chr11     190800     191000   2
...      ...        ...        ...  ..
88202  chr11  134726000  134726600  13
88203  chr11  134726600  134741400  14
88204  chr11  134741400  134745800  15
88205  chr11  134745800  134787200  14
88206  chr11  134787200  135006400  15

[22801 rows x 4 columns]
Bp cover by this mark, has to be >0 : 13.908000000000001
before filtering :  (1350, 1350)
after filtering :  (1191, 1191)
3D
(1191, 1191)
Normalising chromosome chr12 matrix
Input data shape :  (852253, 3)
  (0, 0)	2580
  (0, 1)	90
  (0, 2)	18
  (0, 3)	17
  (0, 4)	3
  (0, 5)	1
  (0, 6)	5
  (0, 7)	1
  (0, 9)	4
  (0, 10)	2
  (0, 12)	1
  (0, 13)	1
  (0, 14)	1
  (0, 15)	1
  (0, 16)	1
  (0, 17)	3
  (0, 18)	1
  (0, 19)	2
  (0, 20)	3
  (0, 21)	2
  (0, 23)	2
  (0, 24)	1
  (0, 25)	2
  (0, 27)	1
  (0, 28)	2
  :	:
  (1338, 1314)	61
  (1338, 1315)	69
  (1338, 1316)	67
  (1338, 1317)	62
  (1338, 1318)	64
  (1338, 1319)	85
  (1338, 1320)	137
  (1338, 1321)	74
  (1338, 1322)	93
  (1338, 1323)	95
  (1338, 1324)	101
  (1338, 1325)	145
  (1338, 1326)	360
  (1338, 1327)	30
  (1338, 1328)	637
  (1338, 1329)	565
  (1338, 1330)	340
  (1338, 1331)	432
  (1338, 1332)	789
  (1338, 1333)	1167
  (1338, 1334)	2204
  (1338, 1335)	60
  (1338, 1336)	653
  (1338, 1337)	7031
  (1338, 1338)	18346
Input at the good resolution :  (1339, 1339)
            1          2          3   4
88207   chr12          0      74000  15
88208   chr12      74000      75200   1
88209   chr12      75200      83000   5
88210   chr12      83000      84400   6
88211   chr12      84400      86200   5
...       ...        ...        ...  ..
112555  chr12  133820200  133829000  15
112556  chr12  133829000  133832000   9
112557  chr12  133832000  133840800  15
112558  chr12  133840800  133841600   9
112559  chr12  133841600  133851800  15

[24353 rows x 4 columns]
Bp cover by this mark, has to be >0 : 15.906
before filtering :  (1339, 1339)
after filtering :  (1202, 1202)
3D
(1202, 1202)
Normalising chromosome chr13 matrix
Input data shape :  (460005, 3)
  (190, 190)	76
  (190, 191)	12
  (190, 192)	28
  (190, 193)	36
  (190, 194)	33
  (190, 195)	97
  (190, 196)	51
  (190, 197)	64
  (190, 198)	58
  (190, 199)	44
  (190, 200)	27
  (190, 201)	43
  (190, 202)	26
  (190, 203)	9
  (190, 204)	13
  (190, 205)	10
  (190, 206)	2
  (190, 207)	10
  (190, 208)	3
  (190, 209)	5
  (190, 210)	4
  (190, 211)	5
  (190, 212)	5
  (190, 213)	1
  (190, 214)	1
  :	:
  (1151, 1127)	15
  (1151, 1128)	15
  (1151, 1129)	8
  (1151, 1130)	9
  (1151, 1131)	34
  (1151, 1132)	53
  (1151, 1133)	54
  (1151, 1134)	67
  (1151, 1135)	60
  (1151, 1136)	82
  (1151, 1137)	58
  (1151, 1138)	117
  (1151, 1139)	146
  (1151, 1140)	101
  (1151, 1141)	190
  (1151, 1142)	305
  (1151, 1143)	97
  (1151, 1144)	312
  (1151, 1145)	414
  (1151, 1146)	184
  (1151, 1147)	310
  (1151, 1148)	515
  (1151, 1149)	684
  (1151, 1150)	3792
  (1151, 1151)	4418
Input at the good resolution :  (1152, 1152)
            1          2          3   4
112560  chr13          0   19319400  15
112561  chr13   19319400   19320200   9
112562  chr13   19320200   19517600  15
112563  chr13   19517600   19518400   9
112564  chr13   19518400   19522000  15
...       ...        ...        ...  ..
124407  chr13  115100400  115104600   5
124408  chr13  115104600  115106400   7
124409  chr13  115106400  115106800   5
124410  chr13  115106800  115107200   7
124411  chr13  115107200  115169800  15

[11852 rows x 4 columns]
Bp cover by this mark, has to be >0 : 7.02201
before filtering :  (1152, 1152)
after filtering :  (902, 902)
3D
(902, 902)
Normalising chromosome chr14 matrix
Input data shape :  (383981, 3)
  (190, 190)	7342
  (190, 191)	570
  (190, 192)	28
  (190, 193)	3
  (190, 194)	127
  (190, 195)	6
  (190, 196)	6
  (190, 197)	26
  (190, 198)	13
  (190, 200)	5
  (190, 201)	16
  (190, 202)	82
  (190, 203)	108
  (190, 204)	84
  (190, 205)	85
  (190, 206)	94
  (190, 207)	68
  (190, 208)	35
  (190, 209)	32
  (190, 210)	61
  (190, 211)	41
  (190, 212)	35
  (190, 213)	40
  (190, 214)	28
  (190, 215)	17
  :	:
  (1072, 1048)	314
  (1072, 1049)	236
  (1072, 1050)	245
  (1072, 1051)	431
  (1072, 1052)	548
  (1072, 1053)	391
  (1072, 1054)	621
  (1072, 1055)	599
  (1072, 1056)	518
  (1072, 1057)	685
  (1072, 1058)	785
  (1072, 1059)	761
  (1072, 1060)	333
  (1072, 1061)	231
  (1072, 1062)	629
  (1072, 1063)	304
  (1072, 1064)	117
  (1072, 1065)	269
  (1072, 1066)	405
  (1072, 1067)	823
  (1072, 1068)	1039
  (1072, 1069)	2124
  (1072, 1070)	3994
  (1072, 1071)	13010
  (1072, 1072)	79060
Input at the good resolution :  (1073, 1073)
            1          2          3   4
124412  chr14          0   19000600  15
124413  chr14   19000600   19001600   9
124414  chr14   19001600   19009400  15
124415  chr14   19009400   19014800   9
124416  chr14   19014800   19016200   5
...       ...        ...        ...  ..
140236  chr14  107284400  107285600   5
140237  chr14  107285600  107286400   7
140238  chr14  107286400  107287600   5
140239  chr14  107287600  107288200   7
140240  chr14  107288200  107349400  15

[15829 rows x 4 columns]
Bp cover by this mark, has to be >0 : 9.958
before filtering :  (1073, 1073)
after filtering :  (828, 828)
3D
(828, 828)
Normalising chromosome chr15 matrix
Input data shape :  (318258, 3)
  (200, 200)	5384
  (200, 201)	885
  (200, 202)	15
  (200, 203)	18
  (200, 204)	298
  (200, 205)	239
  (200, 206)	60
  (200, 207)	1
  (200, 208)	42
  (200, 209)	1
  (200, 210)	1
  (200, 211)	3
  (200, 213)	1
  (200, 218)	1
  (200, 219)	33
  (200, 220)	2
  (200, 221)	3
  (200, 222)	3
  (200, 223)	72
  (200, 224)	109
  (200, 225)	153
  (200, 226)	1
  (200, 227)	12
  (200, 228)	35
  (200, 229)	32
  :	:
  (1025, 991)	2
  (1025, 992)	1
  (1025, 993)	3
  (1025, 994)	1
  (1025, 995)	2
  (1025, 998)	1
  (1025, 1002)	2
  (1025, 1003)	2
  (1025, 1004)	3
  (1025, 1005)	2
  (1025, 1007)	4
  (1025, 1009)	1
  (1025, 1010)	1
  (1025, 1011)	6
  (1025, 1012)	3
  (1025, 1014)	2
  (1025, 1015)	1
  (1025, 1016)	5
  (1025, 1017)	3
  (1025, 1018)	8
  (1025, 1019)	6
  (1025, 1020)	3
  (1025, 1021)	9
  (1025, 1022)	5
  (1025, 1023)	14
Input at the good resolution :  (1026, 1026)
            1          2          3   4
140241  chr15          0   20001800  15
140242  chr15   20001800   20002200   9
140243  chr15   20002200   20002600   8
140244  chr15   20002600   20006000   9
140245  chr15   20006000   20010400  15
...       ...        ...        ...  ..
156417  chr15  102503000  102503400   2
156418  chr15  102503400  102506800   5
156419  chr15  102506800  102520400  15
156420  chr15  102520400  102521200   9
156421  chr15  102521200  102531200  15

[16181 rows x 4 columns]
Bp cover by this mark, has to be >0 : 9.718000000000002
before filtering :  (1026, 1026)
after filtering :  (763, 763)
3D
(763, 763)
Normalising chromosome chr16 matrix
Input data shape :  (303011, 3)
  (0, 0)	19472
  (0, 1)	8644
  (0, 2)	2482
  (0, 3)	1711
  (0, 4)	1653
  (0, 5)	826
  (0, 6)	516
  (0, 7)	431
  (0, 8)	249
  (0, 9)	101
  (0, 10)	136
  (0, 11)	121
  (0, 12)	92
  (0, 13)	198
  (0, 14)	192
  (0, 15)	164
  (0, 16)	147
  (0, 17)	154
  (0, 18)	129
  (0, 19)	107
  (0, 20)	113
  (0, 21)	69
  (0, 22)	99
  (0, 23)	86
  (0, 24)	102
  :	:
  (902, 855)	1
  (902, 856)	1
  (902, 857)	1
  (902, 859)	1
  (902, 866)	1
  (902, 867)	2
  (902, 869)	1
  (902, 870)	1
  (902, 874)	2
  (902, 875)	1
  (902, 877)	1
  (902, 878)	1
  (902, 880)	1
  (902, 886)	1
  (902, 889)	1
  (902, 890)	2
  (902, 891)	1
  (902, 892)	3
  (902, 893)	2
  (902, 894)	3
  (902, 897)	4
  (902, 898)	6
  (902, 899)	9
  (902, 900)	12
  (902, 901)	17
Input at the good resolution :  (903, 903)
            1         2         3   4
156422  chr16         0     74200  15
156423  chr16     74200     74400   7
156424  chr16     74400     77200   5
156425  chr16     77200     77400   7
156426  chr16     77400     84200   5
...       ...       ...       ...  ..
172128  chr16  90144600  90145000  12
172129  chr16  90145000  90148600  14
172130  chr16  90148600  90149000   2
172131  chr16  90149000  90149200   1
172132  chr16  90149200  90354600  15

[15711 rows x 4 columns]
Bp cover by this mark, has to be >0 : 10.104000000000003
before filtering :  (903, 903)
after filtering :  (719, 719)
3D
(719, 719)
Normalising chromosome chr17 matrix
Input data shape :  (300922, 3)
  (0, 0)	87708
  (0, 1)	15060
  (0, 2)	8717
  (0, 3)	167
  (0, 4)	4792
  (0, 5)	5154
  (0, 6)	5517
  (0, 7)	4444
  (0, 8)	4453
  (0, 9)	2335
  (0, 10)	1184
  (0, 11)	705
  (0, 12)	556
  (0, 13)	392
  (0, 14)	404
  (0, 15)	307
  (0, 16)	345
  (0, 17)	305
  (0, 18)	438
  (0, 19)	256
  (0, 20)	203
  (0, 21)	185
  (0, 22)	226
  (0, 23)	209
  (0, 24)	242
  :	:
  (811, 787)	48
  (811, 788)	29
  (811, 789)	30
  (811, 790)	50
  (811, 791)	46
  (811, 792)	39
  (811, 793)	65
  (811, 794)	45
  (811, 795)	60
  (811, 796)	51
  (811, 797)	27
  (811, 798)	51
  (811, 799)	93
  (811, 800)	87
  (811, 801)	136
  (811, 802)	185
  (811, 803)	271
  (811, 804)	253
  (811, 805)	446
  (811, 806)	851
  (811, 807)	1520
  (811, 808)	1427
  (811, 809)	1680
  (811, 810)	2890
  (811, 811)	6526
Input at the good resolution :  (812, 812)
            1         2         3   4
172133  chr17         0     12400  15
172134  chr17     12400     14200   7
172135  chr17     14200     18600  15
172136  chr17     18600     19200   7
172137  chr17     19200     35200  14
...       ...       ...       ...  ..
192742  chr17  81147400  81147800   2
192743  chr17  81147800  81149200   7
192744  chr17  81149200  81153600  14
192745  chr17  81153600  81194600  15
192746  chr17  81194600  81195200   9

[20614 rows x 4 columns]
Bp cover by this mark, has to be >0 : 14.686000000000002
before filtering :  (812, 812)
after filtering :  (726, 726)
3D
(726, 726)
Normalising chromosome chr18 matrix
Input data shape :  (280828, 3)
  (0, 0)	10560
  (0, 1)	1302
  (0, 2)	987
  (0, 3)	865
  (0, 4)	648
  (0, 5)	637
  (0, 6)	721
  (0, 7)	418
  (0, 8)	396
  (0, 9)	251
  (0, 10)	160
  (0, 11)	104
  (0, 12)	106
  (0, 13)	109
  (0, 14)	100
  (0, 15)	95
  (0, 16)	64
  (0, 17)	75
  (0, 18)	75
  (0, 19)	66
  (0, 20)	96
  (0, 21)	90
  (0, 22)	78
  (0, 23)	101
  (0, 24)	111
  :	:
  (780, 756)	39
  (780, 757)	19
  (780, 758)	47
  (780, 759)	44
  (780, 760)	57
  (780, 761)	40
  (780, 762)	48
  (780, 763)	56
  (780, 764)	74
  (780, 765)	89
  (780, 766)	86
  (780, 767)	79
  (780, 768)	146
  (780, 769)	153
  (780, 770)	167
  (780, 771)	505
  (780, 772)	370
  (780, 773)	360
  (780, 774)	688
  (780, 775)	636
  (780, 776)	726
  (780, 777)	1277
  (780, 778)	2020
  (780, 779)	8394
  (780, 780)	13806
Input at the good resolution :  (781, 781)
            1         2         3   4
192747  chr18         0     10200  15
192748  chr18     10200     13000   9
192749  chr18     13000     63600  15
192750  chr18     63600     63800   9
192751  chr18     63800     98400  15
...       ...       ...       ...  ..
202916  chr18  78005800  78011600  15
202917  chr18  78011600  78012400   9
202918  chr18  78012400  78016400  15
202919  chr18  78016400  78016800   1
202920  chr18  78016800  78077200  15

[10174 rows x 4 columns]
Bp cover by this mark, has to be >0 : 5.4
before filtering :  (781, 781)
after filtering :  (703, 703)
3D
(703, 703)
Normalising chromosome chr19 matrix
Input data shape :  (156157, 3)
  (0, 0)	28
  (0, 2)	13
  (0, 3)	25
  (0, 4)	27
  (0, 5)	12
  (0, 6)	3
  (0, 7)	2
  (0, 9)	3
  (0, 12)	1
  (0, 13)	1
  (0, 14)	2
  (0, 15)	1
  (0, 16)	3
  (0, 17)	3
  (0, 18)	2
  (0, 19)	1
  (0, 23)	3
  (0, 24)	1
  (0, 27)	2
  (0, 29)	2
  (0, 30)	2
  (0, 31)	2
  (0, 32)	2
  (0, 33)	4
  (0, 36)	1
  :	:
  (591, 459)	1
  (591, 461)	1
  (591, 469)	1
  (591, 472)	1
  (591, 479)	1
  (591, 499)	1
  (591, 513)	1
  (591, 519)	1
  (591, 520)	1
  (591, 522)	1
  (591, 533)	1
  (591, 547)	1
  (591, 551)	1
  (591, 558)	1
  (591, 570)	1
  (591, 574)	1
  (591, 576)	1
  (591, 579)	1
  (591, 582)	1
  (591, 585)	1
  (591, 586)	1
  (591, 587)	3
  (591, 588)	6
  (591, 589)	11
  (591, 590)	29
Input at the good resolution :  (592, 592)
            1         2         3   4
202921  chr19         0    262000  15
202922  chr19    262000    262400   7
202923  chr19    262400    266800  14
202924  chr19    266800    267000  10
202925  chr19    267000    267400   2
...       ...       ...       ...  ..
220529  chr19  59089600  59090200   2
220530  chr19  59090200  59091400   7
220531  chr19  59091400  59096400   5
220532  chr19  59096400  59097600   7
220533  chr19  59097600  59128800  15

[17613 rows x 4 columns]
Bp cover by this mark, has to be >0 : 14.560000000000002
before filtering :  (592, 592)
after filtering :  (534, 534)
3D
(534, 534)
Normalising chromosome chr20 matrix
Input data shape :  (179488, 3)
  (0, 0)	26222
  (0, 1)	5641
  (0, 2)	3511
  (0, 3)	1481
  (0, 4)	909
  (0, 5)	919
  (0, 6)	954
  (0, 7)	758
  (0, 8)	515
  (0, 9)	531
  (0, 10)	478
  (0, 11)	390
  (0, 12)	252
  (0, 13)	206
  (0, 14)	197
  (0, 15)	122
  (0, 16)	156
  (0, 17)	170
  (0, 18)	166
  (0, 19)	200
  (0, 20)	198
  (0, 21)	206
  (0, 22)	180
  (0, 23)	175
  (0, 24)	151
  :	:
  (629, 605)	52
  (629, 606)	77
  (629, 607)	107
  (629, 608)	109
  (629, 609)	119
  (629, 610)	112
  (629, 611)	87
  (629, 612)	63
  (629, 613)	161
  (629, 614)	164
  (629, 615)	177
  (629, 616)	222
  (629, 617)	279
  (629, 618)	385
  (629, 619)	303
  (629, 620)	418
  (629, 621)	438
  (629, 622)	407
  (629, 623)	334
  (629, 624)	460
  (629, 625)	564
  (629, 626)	805
  (629, 627)	1647
  (629, 628)	5571
  (629, 629)	14010
Input at the good resolution :  (630, 630)
            1         2         3   4
258605  chr20         0     79000  15
258606  chr20     79000     89200  14
258607  chr20     89200    101200  15
258608  chr20    101200    106200  14
258609  chr20    106200    118200  15
...       ...       ...       ...  ..
271030  chr20  62912800  62913400   7
271031  chr20  62913400  62915600  14
271032  chr20  62915600  62917800  15
271033  chr20  62917800  62918600   9
271034  chr20  62918600  63025400  15

[12430 rows x 4 columns]
Bp cover by this mark, has to be >0 : 6.494000000000001
before filtering :  (630, 630)
after filtering :  (567, 567)
3D
(567, 567)
Normalising chromosome chr21 matrix
Input data shape :  (60664, 3)
  (94, 94)	556
  (94, 95)	5
  (94, 96)	2
  (94, 98)	2
  (94, 104)	6
  (94, 105)	7
  (94, 106)	5
  (94, 107)	19
  (94, 108)	3
  (94, 110)	31
  (94, 111)	11
  (94, 146)	1
  (94, 152)	1
  (94, 163)	1
  (94, 164)	1
  (94, 165)	1
  (94, 166)	1
  (94, 168)	1
  (94, 172)	1
  (94, 174)	2
  (94, 176)	1
  (94, 179)	3
  (94, 189)	1
  (94, 195)	1
  (94, 196)	1
  :	:
  (481, 457)	7
  (481, 458)	10
  (481, 459)	13
  (481, 460)	12
  (481, 461)	10
  (481, 462)	5
  (481, 463)	4
  (481, 464)	8
  (481, 465)	9
  (481, 466)	11
  (481, 467)	7
  (481, 468)	15
  (481, 469)	11
  (481, 470)	8
  (481, 471)	14
  (481, 472)	16
  (481, 473)	25
  (481, 474)	28
  (481, 475)	50
  (481, 476)	74
  (481, 477)	73
  (481, 478)	99
  (481, 479)	125
  (481, 480)	523
  (481, 481)	270
Input at the good resolution :  (482, 482)
            1         2         3   4
271035  chr21         0   9423400  15
271036  chr21   9423400   9424000   9
271037  chr21   9424000   9431800  15
271038  chr21   9431800   9440000   9
271039  chr21   9440000   9443200  15
...       ...       ...       ...  ..
276576  chr21  48087000  48087200   2
276577  chr21  48087200  48087600   1
276578  chr21  48087600  48088200   2
276579  chr21  48088200  48088400   7
276580  chr21  48088400  48129800  15

[5546 rows x 4 columns]
Bp cover by this mark, has to be >0 : 3.078
before filtering :  (482, 482)
after filtering :  (452, 452)
3D
(452, 452)
Normalising chromosome chr22 matrix
Input data shape :  (59429, 3)
  (160, 160)	70
  (160, 165)	1
  (160, 168)	2
  (160, 169)	3
  (160, 170)	3
  (160, 171)	5
  (160, 172)	3
  (160, 173)	6
  (160, 174)	5
  (160, 175)	6
  (160, 176)	1
  (160, 177)	1
  (160, 178)	3
  (160, 179)	3
  (160, 180)	1
  (160, 181)	2
  (160, 182)	4
  (160, 183)	1
  (160, 184)	1
  (160, 185)	2
  (160, 189)	2
  (160, 190)	1
  (160, 194)	2
  (160, 195)	1
  (160, 198)	2
  :	:
  (512, 488)	6
  (512, 489)	4
  (512, 490)	6
  (512, 491)	8
  (512, 492)	6
  (512, 493)	5
  (512, 494)	8
  (512, 495)	11
  (512, 496)	11
  (512, 497)	7
  (512, 498)	14
  (512, 499)	18
  (512, 500)	32
  (512, 501)	32
  (512, 502)	43
  (512, 503)	29
  (512, 504)	53
  (512, 505)	75
  (512, 506)	89
  (512, 507)	87
  (512, 508)	140
  (512, 509)	162
  (512, 510)	264
  (512, 511)	440
  (512, 512)	154
Input at the good resolution :  (513, 513)
            1         2         3   4
276581  chr22         0  16228200  15
276582  chr22  16228200  16230200   9
276583  chr22  16230200  16350000  15
276584  chr22  16350000  16350400   9
276585  chr22  16350400  16847600  15
...       ...       ...       ...  ..
286112  chr22  51212200  51220800   5
286113  chr22  51220800  51221000   7
286114  chr22  51221000  51221200   2
286115  chr22  51221200  51222800   1
286116  chr22  51222800  51304400  15

[9536 rows x 4 columns]
Bp cover by this mark, has to be >0 : 5.698000000000001
before filtering :  (513, 513)
after filtering :  (511, 511)
3D
(511, 511)
Normalising chromosome chrX matrix
Input data shape :  (1137724, 3)
  (0, 0)	1636
  (0, 1)	213
  (0, 2)	268
  (0, 3)	312
  (0, 4)	143
  (0, 5)	128
  (0, 6)	126
  (0, 7)	96
  (0, 8)	116
  (0, 9)	136
  (0, 10)	56
  (0, 11)	3
  (0, 12)	113
  (0, 13)	103
  (0, 14)	72
  (0, 15)	49
  (0, 16)	32
  (0, 17)	56
  (0, 18)	39
  (0, 19)	27
  (0, 20)	22
  (0, 21)	39
  (0, 22)	35
  (0, 23)	38
  (0, 24)	36
  :	:
  (1552, 1528)	193
  (1552, 1529)	170
  (1552, 1530)	153
  (1552, 1531)	166
  (1552, 1532)	162
  (1552, 1533)	198
  (1552, 1534)	29
  (1552, 1535)	179
  (1552, 1536)	232
  (1552, 1537)	243
  (1552, 1538)	152
  (1552, 1539)	449
  (1552, 1540)	522
  (1552, 1541)	736
  (1552, 1542)	856
  (1552, 1543)	805
  (1552, 1544)	810
  (1552, 1545)	482
  (1552, 1546)	530
  (1552, 1547)	379
  (1552, 1548)	833
  (1552, 1549)	1051
  (1552, 1550)	1707
  (1552, 1551)	5439
  (1552, 1552)	25224
Input at the good resolution :  (1553, 1553)
           1          2          3   4
455444  chrX          0     169000  15
455445  chrX     169000     173200   9
455446  chrX     173200     187400  15
455447  chrX     187400     188200   9
455448  chrX     188200     192400  15
...      ...        ...        ...  ..
466764  chrX  155199000  155226800  15
466765  chrX  155226800  155227000   7
466766  chrX  155227000  155227400   2
466767  chrX  155227400  155228200   7
466768  chrX  155228200  155270400  15

[11325 rows x 4 columns]
Bp cover by this mark, has to be >0 : 12.474
before filtering :  (1553, 1553)
after filtering :  (1360, 1360)
3D
(1360, 1360)
