
	detect_local_extrema_False_False
whole genome 65000  115000 185000 258279.1  330000 2690000  9274
whole genome 0.00000000 0.1919643 0.4590909 0.4627564 0.7352206    1  9274
whole genome 2e+05  600000  8e+05 858539.0 1100000 2800000   25  3064
whole genome    0 0.3602326 1.0000000 0.7203182       1    1   25  3064
	detect_local_extrema_False_filter_peaks
whole genome 65000  115000 185000 258279.1  330000 2690000  9274
whole genome 0.00000000 0.16562500 0.4353571 0.4437078 0.7142857 1.0000000
whole genome  9274
whole genome 2e+05  900000 1200000 1322402 1600000 7800000   25  1998
whole genome    0 0.8525346 1.0000000 0.7898048       1    1   25  1998
	detect_local_extrema_False_statFilter
whole genome 65000  115000 185000 258279.1  330000 2690000  9274
whole genome    0 0.1693144 0.4390873 0.4478409 0.7187500 1.0000000  9274
whole genome 2e+05  700000  900000 1097083.7 1300000 7300000   74  2440
whole genome    0 0.6227782 1.0000000 0.7617438       1    1   74  2440
	detect_local_extrema_qspline_False
whole genome 65000  115000 185000 258279.1  330000 2690000  9274
whole genome 0.00000000 0.1919643 0.4590909 0.4627564 0.7352206    1  9274
whole genome 2e+05  600000  8e+05 858539.0 1100000 2800000   25  3064
whole genome    0 0.3602326 1.0000000 0.7203182       1    1   25  3064
	detect_local_extrema_qspline_filter_peaks
whole genome 65000  115000 185000 258279.1  330000 2690000  9274
whole genome 0.00000000 0.16562500 0.4353571 0.4437078 0.7142857 1.0000000
whole genome  9274
whole genome 2e+05  900000 1200000 1322402 1600000 7800000   25  1998
whole genome    0 0.8525346 1.0000000 0.7898048       1    1   25  1998
	detect_local_extrema_qspline_statFilter
whole genome 65000  115000 185000 258279.1  330000 2690000  9274
whole genome    0 0.1693144 0.4390873 0.4478409 0.7187500 1.0000000  9274
whole genome 2e+05  700000  900000 1097083.7 1300000 7300000   74  2440
whole genome    0 0.6227782 1.0000000 0.7617438       1    1   74  2440
	detect_local_extrema_savgol_filter_False
whole genome 65000  115000 185000 258279.1  330000 2690000  9274
whole genome    0 0.1321429 0.3978480 0.4215229 0.6983762 1.0000000  9274
whole genome 2e+05 1100000 1300000 1417401 1700000 3400000   21  1814
whole genome    0 1.0000000 1.0000000 0.8003286       1    1   21  1814
	detect_local_extrema_savgol_filter_filter_peaks
whole genome 65000  115000 185000 258279.1  330000 2690000  9274
whole genome    0 0.11578571 0.4000000 0.4182231 0.6958036 1.0000000  9274
whole genome  300000 1400000 1900000 2150085 2600000 8700000   21  1203
whole genome    0 1.0000000      1 0.8567594       1    1   21  1203
	detect_local_extrema_savgol_filter_statFilter
whole genome 65000  115000 185000 258279.1  330000 2690000  9274
whole genome    0 0.10968862 0.3964286 0.4172620 0.6988082 1.0000000  9274
whole genome  400000 1300000 2000000 2777486 3500000 14100000   21   936
whole genome    0 1.0000000 1.0000000 0.8616651       1    1   21   936
	detect_local_extrema_smooth_False

	detect_local_extrema_smooth_filter_peaks

	detect_local_extrema_smooth_statFilter

	find_min_False_False
whole genome 65000  115000 185000 258279.1  330000 2690000  9274
whole genome 0.00000000 0.2062500 0.4750000 0.4744073 0.7500000    1  9274
whole genome 2e+05  500000  7e+05 729206.3  900000 2100000   25  3603
whole genome    0 0.2122253 1.0000000 0.6879592       1    1   25  3603
	find_min_False_filter_peaks
whole genome 65000  115000 185000 258279.1  330000 2690000  9274
whole genome 0.00000000 0.16562500 0.4353571 0.4437078 0.7142857 1.0000000
whole genome  9274
whole genome 2e+05  900000 1200000 1322402 1600000 7800000   25  1998
whole genome    0 0.8525346 1.0000000 0.7898048       1    1   25  1998
	find_min_False_statFilter
whole genome 65000  115000 185000 258279.1  330000 2690000  9274
whole genome    0 0.1684375 0.4414216 0.4487109 0.7200000 1.0000000  9274
whole genome 2e+05  600000  900000 1046574.8 1200000 7300000  131  2598
whole genome    0 0.58281535 1.0000000 0.7558520       1    1  131  2598
	find_min_qspline_False
whole genome 65000  115000 185000 258279.1  330000 2690000  9274
whole genome 0.00000000 0.2062500 0.4750000 0.4744073 0.7500000    1  9274
whole genome 2e+05  500000  7e+05 729206.3  900000 2100000   25  3603
whole genome    0 0.2122253 1.0000000 0.6879592       1    1   25  3603
	find_min_qspline_filter_peaks
whole genome 65000  115000 185000 258279.1  330000 2690000  9274
whole genome 0.00000000 0.16562500 0.4353571 0.4437078 0.7142857 1.0000000
whole genome  9274
whole genome 2e+05  900000 1200000 1322402 1600000 7800000   25  1998
whole genome    0 0.8525346 1.0000000 0.7898048       1    1   25  1998
	find_min_qspline_statFilter
whole genome 65000  115000 185000 258279.1  330000 2690000  9274
whole genome    0 0.1684375 0.4414216 0.4487109 0.7200000 1.0000000  9274
whole genome 2e+05  600000  900000 1046574.8 1200000 7300000  131  2598
whole genome    0 0.58281535 1.0000000 0.7558520       1    1  131  2598
	find_min_savgol_filter_False
whole genome 65000  115000 185000 258279.1  330000 2690000  9274
whole genome    0 0.13829186 0.4045455 0.4253293 0.7000000 1.0000000  9274
whole genome 2e+05 1000000 1300000 1305290 1500000 3400000   21  1968
whole genome    0 0.8630556 1.0000000 0.7854125       1    1   21  1968
	find_min_savgol_filter_filter_peaks
whole genome 65000  115000 185000 258279.1  330000 2690000  9274
whole genome    0 0.11578571 0.4000000 0.4182231 0.6958036 1.0000000  9274
whole genome  300000 1400000 1900000 2150085 2600000 8700000   21  1203
whole genome    0 1.0000000      1 0.8567594       1    1   21  1203
	find_min_savgol_filter_statFilter
whole genome 65000  115000 185000 258279.1  330000 2690000  9274
whole genome    0 0.11111111 0.4013701 0.4191173 0.6997253 1.0000000  9274
whole genome  400000 1300000 1950000 2685835 3400000 12600000   22   968
whole genome    0 1.00000000      1 0.8588400       1    1   22   968
	find_min_smooth_False

	find_min_smooth_filter_peaks

	find_min_smooth_statFilter

	find_peaks_2_False_False
whole genome 65000  115000 185000 258279.1  330000 2690000  9274
whole genome 0.00000000 0.16088655 0.4385490 0.4453124 0.7222222 1.0000000
whole genome  9274
whole genome 1e+05 1000000 1400000 1490063 1900000 6300000   25  1776
whole genome    0 0.6760821      1 0.7717271       1    1   25  1776
	find_peaks_2_False_filter_peaks
whole genome 65000  115000 185000 258279.1  330000 2690000  9274
whole genome 0.00000000 0.12401852 0.4241404 0.4336173 0.7172665 1.0000000
whole genome  9274
whole genome  400000 1900000 3600000 4787339 6200000 44600000   25   570
whole genome 0.0000000       1      1 0.8857240       1    1   25   570
	find_peaks_2_False_statFilter
whole genome 65000  115000 185000 258279.1  330000 2690000  9274
whole genome 0.000000000 0.1395567 0.4132116 0.4315696 0.7125000 1.0000000
whole genome  9274
whole genome 2e+05 1200000 1800000 2311644 2900000 13000000   96  1221
whole genome    0 1.0000000      1 0.8439835       1    1   96  1221
	find_peaks_2_qspline_False
whole genome 65000  115000 185000 258279.1  330000 2690000  9274
whole genome 0.00000000 0.16088655 0.4385490 0.4453124 0.7222222 1.0000000
whole genome  9274
whole genome 1e+05 1000000 1400000 1490063 1900000 6300000   25  1776
whole genome    0 0.6760821      1 0.7717271       1    1   25  1776
	find_peaks_2_qspline_filter_peaks
whole genome 65000  115000 185000 258279.1  330000 2690000  9274
whole genome 0.00000000 0.12401852 0.4241404 0.4336173 0.7172665 1.0000000
whole genome  9274
whole genome  400000 1900000 3600000 4787339 6200000 44600000   25   570
whole genome 0.0000000       1      1 0.8857240       1    1   25   570
	find_peaks_2_qspline_statFilter
whole genome 65000  115000 185000 258279.1  330000 2690000  9274
whole genome 0.000000000 0.1395567 0.4132116 0.4315696 0.7125000 1.0000000
whole genome  9274
whole genome 2e+05 1200000 1800000 2311644 2900000 13000000   96  1221
whole genome    0 1.0000000      1 0.8439835       1    1   96  1221
	find_peaks_2_savgol_filter_False
whole genome 65000  115000 185000 258279.1  330000 2690000  9274
whole genome    0 0.1293750 0.4078947 0.4264272 0.7077825 1.000000  9274
whole genome 1e+05 1300000 1600000 1652406 2100000 6200000   21  1559
whole genome    0 0.8580470 1.0000000 0.7891750       1    1   21  1559
	find_peaks_2_savgol_filter_filter_peaks
whole genome 65000  115000 185000 258279.1  330000 2690000  9274
whole genome    0 0.10295455 0.3966940 0.4187638 0.7104967 1.0000000  9274
whole genome  400000 2400000 3800000 4915667  6200000 27200000   21   538
whole genome 0.0000000 1.0000000      1 0.9215536       1    1   21   538
	find_peaks_2_savgol_filter_statFilter
whole genome 65000  115000 185000 258279.1  330000 2690000  9274
whole genome    0 0.1032739 0.3938138 0.4134465 0.6937500 1.0000000  9274
whole genome  300000 1600000 2300000 3060507 4000000 14800000   82   910
whole genome    0    1.00      1 0.8802611       1    1   82   910
	find_peaks_2_smooth_False

	find_peaks_2_smooth_filter_peaks

	find_peaks_2_smooth_statFilter

	find_peaks_False_False
whole genome 65000  115000 185000 258279.1  330000 2690000  9274
whole genome 0.00000000 0.2062500 0.4750000 0.4744073 0.7500000    1  9274
whole genome 2e+05  500000  7e+05 729206.3  900000 2100000   25  3603
whole genome    0 0.2122253 1.0000000 0.6879592       1    1   25  3603
	find_peaks_False_filter_peaks
whole genome 65000  115000 185000 258279.1  330000 2690000  9274
whole genome 0.00000000 0.16562500 0.4353571 0.4437078 0.7142857 1.0000000
whole genome  9274
whole genome 2e+05  900000 1200000 1322402 1600000 7800000   25  1998
whole genome    0 0.8525346 1.0000000 0.7898048       1    1   25  1998
	find_peaks_False_statFilter
whole genome 65000  115000 185000 258279.1  330000 2690000  9274
whole genome    0 0.1684375 0.4414216 0.4487109 0.7200000 1.0000000  9274
whole genome 2e+05  600000  900000 1046574.8 1200000 7300000  131  2598
whole genome    0 0.58281535 1.0000000 0.7558520       1    1  131  2598
	find_peaks_qspline_False
whole genome 65000  115000 185000 258279.1  330000 2690000  9274
whole genome 0.00000000 0.2062500 0.4750000 0.4744073 0.7500000    1  9274
whole genome 2e+05  500000  7e+05 729206.3  900000 2100000   25  3603
whole genome    0 0.2122253 1.0000000 0.6879592       1    1   25  3603
	find_peaks_qspline_filter_peaks
whole genome 65000  115000 185000 258279.1  330000 2690000  9274
whole genome 0.00000000 0.16562500 0.4353571 0.4437078 0.7142857 1.0000000
whole genome  9274
whole genome 2e+05  900000 1200000 1322402 1600000 7800000   25  1998
whole genome    0 0.8525346 1.0000000 0.7898048       1    1   25  1998
	find_peaks_qspline_statFilter
whole genome 65000  115000 185000 258279.1  330000 2690000  9274
whole genome    0 0.1684375 0.4414216 0.4487109 0.7200000 1.0000000  9274
whole genome 2e+05  600000  900000 1046574.8 1200000 7300000  131  2598
whole genome    0 0.58281535 1.0000000 0.7558520       1    1  131  2598
	find_peaks_savgol_filter_False
whole genome 65000  115000 185000 258279.1  330000 2690000  9274
whole genome    0 0.13829186 0.4045455 0.4253293 0.7000000 1.0000000  9274
whole genome 2e+05 1000000 1300000 1305290 1500000 3400000   21  1968
whole genome    0 0.8630556 1.0000000 0.7854125       1    1   21  1968
	find_peaks_savgol_filter_filter_peaks
whole genome 65000  115000 185000 258279.1  330000 2690000  9274
whole genome    0 0.11578571 0.4000000 0.4182231 0.6958036 1.0000000  9274
whole genome  300000 1400000 1900000 2150085 2600000 8700000   21  1203
whole genome    0 1.0000000      1 0.8567594       1    1   21  1203
	find_peaks_savgol_filter_statFilter
whole genome 65000  115000 185000 258279.1  330000 2690000  9274
whole genome    0 0.11111111 0.4013701 0.4191173 0.6997253 1.0000000  9274
whole genome  400000 1300000 1950000 2685835 3400000 12600000   22   968
whole genome    0 1.00000000      1 0.8588400       1    1   22   968
	find_peaks_smooth_False

	find_peaks_smooth_filter_peaks

	find_peaks_smooth_statFilter

